6257
5656 1124 1703
91 1099 1697
1429 1091 1703
4794 1126 1703
4125 1122 1665
4018 1132 1693
5225 1145 1667
4515 1128 1646
5025 1087 1687
5298 1103 1691
1508 1114 1665
3811 1086 1641
350 1109 1626
6196 1149 1638
3962 1092 1646
2037 1158 1651
101 1068 1673
121 1107 1635
3381 1082 1646
286 1142 1639
5065 1157 1645
5480 1138 1630
3334 1096 1633
3816 1109 1708
2593 1151 1639
5364 1476 1612
4889 1518 1644
261 1483 1647
745 1505 1632
2826 1475 1629
9 1161 1625
5828 1134 1609
5247 1512 1644
1144 1483 1626
2516 1485 1646
2528 1512 1597
2209 1500 1595
71 1469 1646
2294 1508 1649
411 1468 1639
115 1479 1618
6032 1495 1633
4762 1517 1641
195 1499 1639
2228 1472 1636
6217 1168 1648
2458 1491 1660
2747 1503 1657
3751 1478 1629
106 1530 1658
4807 1510 1661
2922 1481 1610
6047 1523 1607
2224 1532 1630
5180 1509 1641
3672 1494 1657
2306 1474 1641
128 1480 1629
3151 1461 1643
4555 1520 1664
4852 1153 1623
3911 1086 1718
2668 1535 1654
2365 1528 1666
2850 1490 1656
3656 1479 1654
244 1115 1628
2381 1534 1654
2424 1480 1626
701 1088 1713
4089 1520 1660
143 1505 1641
5891 1518 1647
1537 1505 1638
6226 1127 1609
5057 1521 1665
4781 1476 1651
3161 1483 1629
2320 1530 1638
869 1530 1622
2419 1514 1602
5229 1486 1658
2954 1502 1594
2870 1490 1645
5716 1524 1644
1524 1508 1596
2908 1531 1646
1362 1504 1627
1158 1464 1646
476 1495 1601
2847 1462 1638
2616 1513 1641
4628 1466 1620
993 1523 1664
4371 1527 1649
2080 1474 1634
4632 1507 1669
1339 1481 1644
331 1482 1644
3277 1529 1645
4856 1531 1662
2309 1469 1652
5893 1512 1660
1252 1520 1620
1686 1109 1614
1431 1502 1659
4899 1511 1668
4530 1508 1662
2948 1472 1638
3326 1049 1687
5807 1513 1665
1782 1494 1663
2926 1483 1644
464 1516 1633
2074 1528 1624
634 1533 1625
3055 1496 1633
478 1520 1637
5804 1492 1600
59 1490 1660
5751 1510 1604
5433 1523 1634
1464 1484 1642
4600 1536 1648
4158 1062 1656
5176 1490 1655
5559 1526 1661
1101 1474 1629
3101 1519 1653
3637 1467 1647
6189 1525 1624
4185 1532 1643
199 1538 1640
2477 1472 1621
5228 1513 1623
2881 1473 1617
1541 1512 1627
2912 1106 1723
4017 1483 1617
4012 1501 1657
1712 1492 1605
1237 1469 1627
2883 1508 1631
2749 1082 1631
336 1484 1628
640 1467 1620
4978 1473 1615
1888 1527 1662
2187 1477 1631
3789 1527 1641
3930 1492 1662
2608 1510 1630
4231 1526 1662
3023 1517 1618
1837 1459 1631
1318 1514 1626
439 1486 1607
133 1507 1607
3613 1513 1650
3666 1465 1623
1483 1507 1636
6018 1518 1637
1420 1504 1600
24 1509 1597
4124 1482 1642
5429 1491 1652
4629 1471 1627
1002 1507 1624
5554 1485 1605
1851 1459 1640
390 1536 1638
4718 1527 1660
5845 1479 1625
447 1503 1635
1706 1109 1619
1522 1479 1652
4866 1502 1636
3439 1481 1621
4739 1504 1601
5944 1527 1657
488 1524 1628
608 1508 1593
4330 1512 1665
2680 1128 1607
2377 1528 1642
5582 1513 1629
860 1496 1605
771 1528 1626
256 1498 1602
1492 1056 1696
4431 1494 1638
6165 1506 1592
6252 1526 1663
4573 1476 1620
4439 1518 1602
4525 1495 1649
4921 1523 1639
3963 1130 1607
1297 1496 1648
867 1496 1639
5609 1460 1647
5048 1469 1650
1215 1171 1631
858 1524 1643
5569 1534 1652
967 1513 1648
3273 1518 1660
38 1520 1632
753 1528 1581
352 1495 1677
4257 1509 1580
5685 1537 1634
4163 1538 1614
699 1537 1681
391 1469 1609
449 1503 1573
4368 1527 1668
4971 1524 1580
2939 1501 1572
4356 1533 1621
632 1511 1552
4152 1122 1606
460 1445 1620
1384 1498 1583
181 1525 1684
1146 1493 1588
5555 1516 1583
3583 1519 1575
1195 1494 1551
4863 1515 1560
2814 1462 1620
2905 1111 1603
5895 1516 1610
1853 1543 1617
1290 1547 1676
5762 1510 1580
2336 1520 1594
98 1536 1615
1728 1501 1610
4854 1412 1664
4255 1155 1613
4920 1501 1678
2621 1542 1620
4859 1517 1591
1674 1502 1671
2560 1487 1582
5763 1540 1613
2825 1037 1721
2726 1439 1637
19 1498 1588
2783 1481 1552
315 1430 1659
2011 1495 1589
1861 1480 1545
4873 1505 1546
5755 1496 1531
4470 1459 1648
5943 1517 1581
4751 1496 1540
3757 1498 1543
6248 1509 1570
5173 1066 1629
1445 1542 1666
332 1451 1646
3471 1386 1661
4512 1457 1648
95 1497 1619
60 1525 1593
499 1524 1605
4936 1512 1559
3176 1395 1666
2838 1515 1565
1907 1508 1552
3390 1118 1599
626 1481 1541
652 1092 1613
325 1486 1626
240 1501 1621
1026 1514 1540
2656 1433 1660
1143 1493 1625
1500 1496 1579
3820 1497 1630
4844 1537 1661
3049 1534 1672
4413 1433 1651
6228 1494 1620
207 1541 1622
319 1511 1543
4295 1482 1553
3453 1448 1631
3387 1516 1563
3483 1426 1640
2109 1457 1663
51 1534 1668
727 1495 1571
159 1478 1552
1111 1441 1628
1917 1502 1618
3691 1041 1654
787 1449 1656
1874 1514 1556
615 1504 1565
5302 992 1658
4537 1044 1708
906 1413 1665
2981 1522 1596
3431 1538 1627
3398 1453 1617
4846 1163 1620
5146 1490 1672
3552 1531 1666
4291 1440 1660
2500 1525 1597
5868 1445 1661
855 1020 1660
6103 1509 1551
2829 1483 1661
3016 1524 1585
731 1522 1679
3249 1496 1590
4131 1517 1676
388 1047 1705
1226 1493 1675
2980 1510 1570
564 1479 1543
1008 1452 1633
4298 1480 1536
5407 1489 1619
1589 1069 1632
3588 1512 1568
337 1430 1638
2044 1444 1621
4377 1481 1602
765 1514 1580
994 1494 1554
710 1489 1665
4267 1484 1550
6129 1524 1578
595 1515 1551
1652 1110 1739
957 1503 1587
1822 1504 1564
367 1496 1584
4831 1015 1676
1767 1525 1617
5191 1509 1585
5924 1489 1664
4481 1447 1620
763 1517 1547
5207 1534 1622
3184 1422 1648
5537 1500 1563
3922 1443 1658
1349 1500 1669
2371 1531 1676
5331 1513 1571
2755 1421 1657
3544 1184 1626
281 1534 1681
6197 1522 1578
1155 1434 1656
5726 1180 1641
4057 1519 1548
2181 1450 1643
3517 1516 1566
1764 1508 1672
4198 1492 1585
2251 1497 1541
3907 1437 1628
5508 1532 1679
3815 1501 1538
1578 1401 1656
6092 1493 1555
5583 1508 1575
1565 1433 1635
2059 1487 1583
4655 1452 1624
317 1493 1542
606 1517 1544
6149 1514 1555
5776 1480 1602
1438 1492 1593
3269 1492 1583
1613 1437 1640
4817 1517 1588
2373 1115 1600
3650 1543 1649
4679 1547 1647
3902 1521 1675
5035 1515 1586
3276 1477 1547
938 1467 1653
2533 1517 1611
4888 1451 1638
418 992 1659
5265 1514 1680
5294 1536 1658
1812 1533 1597
3317 1418 1653
3067 1504 1559
5499 1498 1581
4911 1049 1641
3750 1459 1655
1137 1481 1535
4816 1515 1592
823 1430 1655
6162 1510 1572
6218 1495 1613
2056 1539 1668
643 1492 1590
459 1502 1679
5349 1501 1622
3331 1532 1607
3294 1448 1653
5345 1503 1586
102 1456 1662
4463 1514 1568
1245 1510 1549
4713 1116 1624
4616 1474 1560
4228 1504 1539
1036 1481 1547
5938 1538 1613
4156 1441 1650
4182 1511 1674
3784 1513 1559
2773 1450 1636
6214 1492 1535
5284 1442 1632
2643 1544 1641
2426 1526 1579
3180 1427 1652
1676 1482 1596
5989 1498 1552
1647 1516 1574
5749 1485 1534
1238 1505 1580
2688 1515 1672
5872 1511 1676
2665 1437 1635
517 1522 1611
2733 1497 1563
1412 1188 1636
1935 1524 1577
3030 1444 1659
1134 1520 1552
939 1494 1547
4039 1531 1682
1538 1465 1662
416 1452 1661
6 1497 1535
4532 1510 1562
2531 1496 1566
5038 1482 1566
1163 1543 1673
1597 1538 1628
3943 1527 1600
5481 1532 1616
1458 1493 1557
2379 1443 1632
1176 1478 1553
1630 1505 1554
1543 1507 1564
1733 1033 1706
4351 1486 1592
3444 1485 1545
5363 1398 1657
2903 1098 1735
3408 1537 1668
4084 1526 1673
1941 1488 1577
766 1516 1573
4692 1532 1606
5272 1544 1652
4880 1553 1669
961 1451 1623
4743 1528 1609
4003 1544 1629
816 1490 1577
5283 1473 1608
4174 1549 1652
5973 1500 1588
1747 1538 1660
5028 1476 1546
4495 1411 1665
4145 1479 1542
3117 1517 1576
839 1483 1554
1149 1526 1679
760 1541 1627
6132 1541 1670
3258 1542 1621
4047 1522 1617
2342 1473 1656
5543 1547 1633
3021 1452 1634
1800 1509 1587
892 1488 1594
2800 1457 1657
3543 1491 1616
1665 1505 1669
3912 1526 1617
3232 1483 1599
3497 1032 1690
6078 1538 1663
2100 1487 1544
109 1459 1613
234 1395 1662
69 1498 1549
4030 1491 1664
3579 1506 1541
2097 1058 1637
1468 1504 1566
2129 1514 1563
2945 1483 1664
3162 1483 1572
88 1529 1671
3178 1477 1550
4642 1522 1575
2634 1496 1554
1783 1489 1630
5222 1521 1671
3671 1474 1554
613 1505 1564
589 1414 1664
6099 1487 1623
5051 1477 1564
5781 1460 1653
5557 1517 1592
1684 1498 1568
2996 1399 1660
2238 1479 1537
3969 1518 1616
3367 1545 1663
5067 1169 1619
6039 1390 1664
2609 1488 1627
5155 1537 1676
5886 1520 1683
676 1538 1676
2615 1568 1659
1221 1565 1716
6075 1486 1679
2227 1457 1587
3362 1408 1649
1415 1557 1711
3900 1552 1694
4758 1494 1611
723 1588 1684
2007 1462 1601
5208 1420 1547
4476 1564 1730
3996 1484 1532
5720 1481 1527
1184 1444 1580
3333 1553 1714
210 1461 1560
1910 1561 1666
4865 1509 1518
1248 1430 1632
1958 1456 1596
5245 1447 1543
3240 1174 1598
885 1427 1572
6104 1426 1594
4388 1436 1672
103 1454 1582
2222 1504 1523
663 1412 1635
2573 1434 1621
5668 1446 1561
4810 1559 1704
5599 1584 1718
4770 1572 1676
5798 1479 1587
4558 1564 1721
5081 1563 1737
1074 1016 1709
5961 1523 1690
4950 1402 1544
5195 1365 1641
4304 1531 1567
2994 1546 1622
5815 1432 1544
4417 1540 1595
2451 1556 1685
253 1437 1599
3081 1563 1679
4345 1417 1642
6249 1411 1575
3865 1048 1636
6079 1460 1591
5362 1575 1718
4884 1540 1582
461 1555 1655
1628 1379 1673
3663 1473 1542
3837 1443 1559
2518 1591 1766
4916 1539 1562
6070 1406 1675
648 1566 1715
5978 1577 1685
4914 1424 1559
3992 1582 1660
2940 1464 1584
707 1556 1630
3849 1454 1557
3706 1449 1544
403 1425 1634
3521 1365 1653
1841 1562 1656
3770 1534 1581
1906 1560 1670
6135 1432 1587
3534 1479 1673
5159 1513 1523
3442 1437 1626
2982 1575 1654
276 1447 1609
1061 1114 1614
5091 1527 1529
400 1456 1599
363 1574 1679
2553 1426 1584
582 1518 1529
2142 1466 1575
3351 1376 1665
3771 1547 1610
1956 1544 1563
238 1429 1604
4085 1550 1705
5912 1452 1604
2362 1001 1641
2318 1129 1586
217 1449 1591
5144 1479 1591
4404 1428 1591
4890 1561 1699
919 1416 1577
4997 1427 1672
3736 1455 1587
6256 1420 1569
3394 1453 1544
2901 1383 1644
329 1380 1649
5675 1534 1540
3936 1579 1675
848 1058 1628
3530 1401 1679
6178 1484 1529
4072 1045 1544
2654 1570 1695
3916 1456 1590
2525 1581 1777
2301 1186 1735
3982 1419 1542
2646 1476 1525
2355 1539 1576
3159 1489 1527
5834 1438 1592
5044 1435 1586
1663 1579 1710
273 1557 1714
4428 1574 1666
1717 1467 1561
6238 1552 1635
4272 1463 1581
1280 1464 1539
535 1443 1587
4528 981 1665
5532 1552 1726
1724 1552 1665
2004 1482 1526
3242 1578 1715
1646 1378 1646
1305 1542 1576
462 1498 1687
3248 1566 1725
3376 1519 1690
3348 1460 1537
4764 1431 1572
28 1482 1674
3565 1555 1696
2446 1448 1553
3020 1552 1672
354 1578 1652
230 1397 1649
5029 1529 1540
2160 1488 1610
1571 1175 1678
5775 1542 1569
2705 1582 1679
2527 1436 1588
4579 1537 1541
6167 1460 1603
4451 1527 1569
4367 1570 1657
619 1583 1774
782 1526 1537
3600 1465 1577
5485 1534 1579
1220 1526 1558
1124 1554 1703
1302 1583 1776
465 1397 1685
2413 1547 1701
90 1461 1542
2361 1466 1601
3315 1587 1701
3344 1458 1584
3026 1581 1683
242 1585 1769
4465 1523 1693
419 1460 1607
1703 1573 1774
2984 1554 1716
5006 1540 1568
3629 1536 1541
5379 1425 1619
5597 1432 1611
661 1179 1601
3556 1560 1679
5315 1520 1686
2906 1561 1724
2772 1423 1596
833 1449 1568
1450 1459 1538
3389 1438 1589
4374 1423 1572
1309 1465 1549
1546 1432 1581
6028 1533 1568
2851 1398 1685
1257 1559 1714
988 1553 1658
5113 1525 1692
485 1473 1541
2280 1538 1565
2921 1428 1583
160 1589 1704
1104 1422 1667
155 1558 1649
3405 1445 1609
1866 1504 1532
5127 1547 1731
5342 1539 1597
123 1531 1554
5424 1553 1665
5892 1486 1520
1071 1471 1575
3406 1468 1527
4710 1410 1532
4646 1578 1713
5742 1487 1522
1023 1420 1567
2835 1575 1774
539 1556 1648
1849 1544 1571
6181 1552 1696
2164 1415 1683
5220 1398 1639
4293 1423 1626
4989 1543 1592
4168 1441 1612
685 1541 1572
2925 1506 1521
5503 1433 1545
2644 1406 1532
2386 1433 1619
1171 1520 1528
3715 1543 1608
4014 1562 1665
5643 1450 1669
2021 1430 1574
305 1482 1593
2918 1515 1536
2135 1466 1552
5988 1169 1601
5620 1530 1572
2757 1461 1597
250 1469 1563
5945 1451 1592
3100 1582 1666
1525 1081 1611
5604 1407 1530
978 1575 1720
4311 1558 1707
6095 1465 1589
2647 1417 1579
3917 1424 1629
3878 1547 1732
3524 1433 1587
6247 1496 1684
4870 1565 1718
1714 1534 1542
1319 1551 1631
3478 1524 1688
3233 1443 1669
3436 1526 1529
1694 1561 1708
5564 1404 1677
5108 1576 1652
2869 1451 1580
3944 1461 1596
5419 1031 1641
4742 1490 1519
4052 1351 1663
3274 1431 1560
1792 1438 1605
4556 1447 1662
410 1421 1534
2963 1560 1714
547 1478 1572
525 1567 1667
5982 1433 1579
2724 1402 1681
4913 1549 1707
5330 1567 1731
3166 1560 1648
5665 1559 1653
1754 1493 1685
284 1402 1532
4659 1405 1534
2302 1428 1683
5361 1426 1636
3193 1358 1663
2966 1574 1651
806 1457 1542
976 1478 1599
1249 1441 1613
5147 1421 1624
4577 1523 1687
3622 1135 1586
99 1474 1565
1625 1383 1643
6034 1520 1688
2144 1431 1577
1477 1525 1564
3919 1466 1543
605 1516 1534
5584 1440 1612
1388 1552 1613
5338 1447 1672
598 1155 1592
4281 1450 1675
3425 1477 1583
2392 1555 1703
5745 1431 1566
780 1422 1577
3643 1396 1540
2268 1537 1590
3951 1480 1594
3831 1425 1684
4720 1577 1691
6157 1523 1527
4358 1195 1622
847 1408 1525
4485 1430 1550
3923 1471 1547
3409 1554 1623
879 1423 1555
1725 1381 1649
3458 1182 1726
2407 1413 1564
3702 1530 1579
3554 1374 1645
5711 1553 1698
5800 1577 1701
3229 1544 1554
3630 1358 1649
5446 1420 1560
4133 1556 1662
718 1528 1534
5977 1450 1583
2878 1367 1659
5790 1508 1526
3668 1423 1635
3574 1476 1569
2180 1583 1689
1446 1384 1676
2260 1537 1608
5969 1441 1548
2447 1414 1565
5910 1200 1618
2030 1410 1580
2429 1567 1708
3735 1431 1613
2425 1552 1731
1696 1466 1577
2246 1444 1595
916 1550 1699
5623 1044 1637
5310 1568 1668
609 1413 1690
4898 1419 1559
3380 1434 1662
1737 1437 1556
2370 1576 1704
6100 1578 1707
194 1453 1586
3222 1469 1583
1761 1121 1592
800 1190 1615
2722 1374 1661
1545 1035 1733
1607 1588 1698
1999 1558 1672
3468 1476 1674
2998 1565 1709
2035 1422 1624
2701 1500 1518
1444 1580 1658
672 1395 1676
1453 1577 1718
4329 1483 1592
1073 1551 1724
2465 1556 1661
1955 1432 1563
523 1572 1682
1254 1555 1697
4105 1469 1587
1992 1525 1529
1345 1531 1532
5864 1420 1568
2877 1542 1557
4714 1480 1524
5193 1442 1670
409 1430 1564
2130 1391 1680
1659 1556 1652
1743 1434 1549
842 1576 1694
406 1589 1769
4935 1563 1716
5000 1552 1620
4965 1374 1673
1880 1529 1563
372 1539 1570
382 1187 1616
4420 1515 1693
5296 1551 1655
2958 1470 1543
5269 1439 1589
5550 1183 1607
1044 1480 1531
830 1588 1687
3823 1502 1520
1140 1584 1663
1601 1518 1527
3137 1454 1543
4504 1576 1662
5372 1556 1641
4945 1462 1608
218 1579 1660
220 1509 1691
5094 1535 1548
2841 1559 1671
550 1432 1622
2210 1360 1645
170 1006 1629
247 1461 1602
3434 1379 1653
359 1553 1699
5516 1570 1721
2517 1027 1639
161 1540 1680
1666 1454 1591
6094 1423 1622
1043 1421 1536
4868 1532 1544
515 1365 1671
1809 1538 1571
5904 1469 1551
4885 1503 1518
366 1561 1739
6180 1420 1544
5388 1586 1683
3655 1430 1633
1830 1554 1640
5667 1416 1558
3846 1131 1610
1687 1465 1542
5890 1564 1706
453 1441 1577
1050 1507 1688
2879 1488 1685
5979 1581 1771
5351 1408 1538
4861 1430 1553
2693 1504 1682
1321 991 1639
902 1507 1530
2352 1576 1711
3411 1567 1732
4078 1515 1535
283 1369 1664
4326 1407 1528
1834 1543 1569
1938 1419 1562
1325 1418 1545
5185 1202 1634
5853 1389 1673
44 1525 1554
5278 1414 1679
2782 1520 1534
3714 1442 1591
5418 1573 1673
4881 1462 1538
5355 1448 1669
2040 1412 1530
4310 1574 1725
5974 1426 1547
1060 1571 1708
3519 1557 1732
5198 1379 1656
2604 1531 1577
1016 1534 1558
2561 1401 1635
2750 1579 1687
2524 1455 1584
3108 1421 1671
5933 1536 1557
2490 1518 1539
4221 1427 1627
6150 1417 1527
4675 1522 1528
4822 1529 1545
854 1178 1606
637 1569 1695
4765 1434 1626
3391 1522 1693
1223 1460 1668
3121 1503 1685
4584 1574 1659
4002 1450 1599
1805 1556 1701
1872 1570 1663
3147 1565 1674
3250 1582 1684
4952 1042 1542
2287 1432 1572
725 1580 1717
163 1454 1560
1755 1555 1631
5237 1542 1562
3675 1482 1590
3747 1583 1773
4966 1464 1531
2189 1533 1586
4623 1427 1683
1350 1585 1667
2788 1404 1568
5616 1357 1660
5728 1573 1688
1675 1467 1540
1310 1574 1729
5916 1527 1563
3658 1558 1676
3106 1580 1774
1311 1423 1549
3989 1540 1565
3927 1490 1524
3772 1481 1685
4325 1412 1641
2067 1397 1641
3353 1445 1560
4760 1466 1673
4685 1580 1711
1145 1545 1613
1723 1522 1546
512 1520 1691
4015 1547 1719
2959 1559 1703
3073 1446 1560
722 1408 1563
3855 1441 1542
2145 1419 1581
4040 1564 1701
6191 1441 1663
1496 1420 1645
1735 1471 1589
2587 1391 1672
5571 1580 1666
425 1535 1585
2611 1586 1686
3611 1585 1705
3522 1568 1658
1015 1492 1518
1480 1450 1605
5235 1516 1694
2669 1562 1722
4034 1453 1575
1278 1553 1707
2032 1492 1612
1695 1543 1576
3768 1455 1578
910 1556 1651
1109 1570 1688
6212 1398 1542
3575 1379 1658
2321 1538 1586
5947 1456 1548
1847 1485 1566
2664 1548 1714
603 1574 1721
5122 1421 1531
2951 1419 1630
1472 1485 1684
5548 1432 1549
4894 1524 1530
6172 1577 1773
4079 1547 1736
498 1554 1636
4422 1444 1588
2955 1509 1524
1732 1413 1583
794 1021 1645
3226 1475 1567
1616 1441 1573
3005 1386 1683
5110 1575 1680
1374 1552 1638
726 1477 1531
3939 1547 1722
5483 1483 1525
3283 1432 1569
1147 1361 1662
5522 1551 1713
2391 1538 1554
3029 1551 1648
1832 1416 1683
4473 1554 1634
5855 1447 1545
601 1459 1535
3247 1543 1550
2887 1454 1589
4969 1577 1717
3045 1159 1713
2752 1390 1679
805 1567 1710
1669 1359 1659
2452 1557 1638
4725 1364 1658
1034 1550 1689
173 1429 1597
3987 1419 1543
1790 1467 1577
1348 1415 1546
751 1541 1575
764 1012 1698
3200 1557 1639
657 1400 1689
1893 1376 1660
2618 1585 1714
1969 1121 1595
1681 1536 1550
53 1472 1586
4644 1477 1576
1092 1426 1551
1466 1475 1587
3704 1565 1689
4757 1568 1667
1255 1549 1722
6160 1450 1576
4077 1460 1584
4586 1453 1593
1858 1587 1666
2844 1531 1537
3654 1521 1688
5306 1557 1668
2501 1451 1548
2857 1579 1657
6085 1391 1644
2503 1440 1569
2449 1438 1607
4661 1562 1676
3014 1512 1694
3532 1409 1686
5478 1433 1665
4258 1549 1627
4878 1434 1547
4658 1358 1657
202 1439 1548
2358 1418 1629
3560 1557 1643
5820 1426 1553
1909 1488 1522
6025 1446 1599
2396 1481 1679
5976 1362 1643
5063 1541 1594
1870 1578 1708
3812 1511 1534
1618 1560 1695
4860 1436 1617
4738 1462 1535
3036 1521 1540
1103 1481 1585
1180 1161 1602
4339 1560 1660
4024 1433 1617
477 1543 1565
2200 1416 1522
1577 1484 1582
3153 1564 1688
1779 1560 1697
2339 1557 1705
4350 1414 1552
3548 1527 1557
3059 1425 1676
3493 1441 1590
3355 1548 1713
3271 1541 1581
895 1464 1551
484 1186 1734
3893 1455 1541
5710 1550 1691
375 1574 1665
5301 1481 1673
4074 1427 1676
2704 1584 1775
1225 1402 1637
2357 1586 1696
2308 1544 1601
10 1550 1666
1604 1466 1676
5589 1553 1639
4875 1487 1557
1272 1381 1681
4828 1554 1644
5504 1556 1675
5517 1482 1672
1312 1524 1545
4189 1421 1682
2793 1567 1785
1758 1578 1702
5042 1459 1547
5445 1570 1650
2173 1576 1667
5380 1437 1611
5551 1597 1669
4800 1555 1746
3913 1420 1513
625 1410 1589
1985 1592 1746
5520 1562 1615
5252 1323 1564
1793 1534 1705
803 1586 1651
5664 1399 1618
785 1566 1746
5050 1408 1620
2264 1317 1660
3994 1545 1531
741 1309 1562
2907 1522 1705
2739 1529 1705
3819 1591 1721
5724 1612 1656
1511 1550 1598
5699 1412 1614
6215 1538 1535
941 1414 1608
2952 1558 1619
3975 1320 1651
3203 1553 1547
2979 1420 1615
2637 1563 1630
2975 1578 1731
3058 1599 1705
3779 1606 1667
825 1478 1709
5833 1499 1701
3824 1594 1720
378 1492 1713
3901 1587 1651
4869 1641 1668
3393 1395 1690
6227 1556 1621
2532 1459 1518
6119 1591 1732
6130 1588 1787
1844 1551 1561
4416 1594 1650
857 1408 1717
5367 1559 1598
4933 1426 1694
746 1035 1537
4009 1344 1657
542 1476 1740
4108 1147 1577
909 1142 1576
3461 1601 1651
4135 1527 1521
3798 1589 1724
6023 1598 1687
959 1593 1716
2047 1414 1705
2174 1559 1619
5588 1401 1560
1813 1422 1605
4197 1588 1640
5561 1336 1668
2946 1474 1735
682 1390 1544
532 1615 1658
46 1175 1583
4395 1547 1545
1786 1102 1593
3236 1592 1716
5266 1579 1740
2915 1415 1620
2493 1132 1575
5194 1514 1705
5440 1425 1689
1756 1401 1586
5852 1477 1727
5782 1472 1691
3952 1562 1611
2694 1398 1574
5386 1604 1657
3896 1619 1670
6235 1361 1681
1452 1456 1727
3541 1301 1574
5727 1280 1525
6161 1458 1681
3133 1571 1786
3906 1486 1726
3515 976 1676
2853 1569 1737
196 1505 1714
843 1475 1687
592 1530 1526
1975 1369 1684
2995 1545 1594
3208 1368 1683
6021 1545 1589
5236 1583 1648
328 1598 1712
392 1546 1551
5913 1563 1607
5320 1400 1629
2364 1487 1692
5307 1461 1685
42 1283 1533
1188 1321 1556
2277 1578 1761
4698 1522 1515
5729 1432 1698
1901 1345 1676
6209 1415 1510
3869 1522 1702
130 1326 1548
922 1492 1706
874 1549 1600
4270 1153 1583
3495 1475 1516
2398 1552 1593
264 1405 1710
679 1608 1656
457 1611 1668
4534 1611 1689
1299 1558 1757
955 1016 1731
78 1495 1709
5935 1586 1749
5758 1404 1550
1838 1609 1661
151 1589 1678
6222 1591 1693
6068 1556 1789
6053 1595 1671
1627 1581 1647
1776 1562 1749
4839 1464 1695
735 1507 1703
6113 1383 1529
2484 1476 1522
1181 1295 1538
3191 1497 1720
4993 1596 1777
527 1416 1705
279 1400 1618
6116 1510 1705
3185 1485 1697
2157 1497 1711
5691 1574 1740
6020 1023 1637
1971 1455 1679
5540 1166 1679
5437 1419 1623
6019 1570 1648
5313 1597 1684
2872 1399 1701
2118 1538 1529
2512 1200 1699
6186 1633 1670
2378 1559 1626
1759 1393 1548
2236 1581 1746
429 1573 1796
3230 1354 1671
4727 1575 1751
6062 1398 1585
5964 1555 1582
3525 1186 1600
1900 1394 1529
3396 1554 1796
5876 1598 1706
6017 1384 1554
1355 1395 1627
6022 1582 1757
2170 1484 1716
5100 1598 1713
1201 1609 1705
5506 1472 1741
4348 1589 1727
778 1596 1736
135 1152 1581
1368 1123 1585
4062 1532 1700
67 1541 1534
1974 1605 1675
4520 1604 1713
1656 1450 1532
3311 1435 1689
5201 976 1660
43 1589 1648
2455 1397 1551
2162 1607 1660
165 1552 1558
136 1475 1519
2815 1445 1535
1633 1486 1724
2012 1471 1519
2346 1072 1598
4148 1423 1606
5764 1579 1640
2640 1568 1649
5129 1046 1523
5915 1410 1508
5851 1419 1510
3872 1591 1692
3749 1578 1785
2627 1534 1695
3028 1062 1757
2314 1517 1512
2454 1601 1717
1183 1549 1564
3379 1553 1566
4019 1591 1656
458 1592 1650
1639 1528 1525
668 1585 1719
1406 1083 1599
180 1518 1713
1965 1411 1695
1001 1560 1634
2509 1473 1719
6134 1498 1705
1159 1597 1702
1179 1289 1524
4905 1001 1704
1142 1574 1760
137 1584 1637
4624 1462 1708
4561 1605 1700
3689 1306 1565
3631 1537 1718
4951 1331 1644
1531 1373 1684
2467 1546 1556
2973 1492 1712
265 1608 1676
5314 1542 1532
3623 1284 1525
3157 1567 1649
4385 1577 1789
4649 1542 1700
4137 1530 1705
3657 1382 1534
4840 1549 1531
5662 1576 1791
3741 1537 1689
2648 1483 1730
295 1343 1651
1335 1592 1692
1979 1601 1673
4243 1549 1590
2848 1309 1559
3856 1574 1735
2102 1578 1649
5859 1541 1710
3920 1343 1659
1989 1588 1753
3758 1572 1743
4462 1594 1730
3946 1376 1551
2279 1546 1690
1262 1399 1575
4701 1400 1707
3146 1531 1709
189 1598 1673
852 1507 1715
5080 988 1627
4049 1514 1707
599 1400 1510
4050 1441 1531
2233 1406 1515
4995 1463 1712
1128 1426 1702
5575 1464 1684
3192 1379 1543
1528 1611 1667
2613 1608 1670
690 1565 1755
3903 1603 1678
4370 1449 1688
5114 1517 1702
2078 1559 1751
5217 1452 1523
669 1576 1753
1048 1384 1540
2014 1303 1578
2456 1573 1748
3592 1374 1547
5030 975 1652
4450 1041 1523
1367 1449 1680
5204 1540 1528
4886 1566 1800
572 1584 1751
4225 1109 1583
11 1563 1646
877 1472 1522
3830 1189 1693
3422 1454 1531
538 1547 1584
819 1412 1587
558 1590 1686
5047 1339 1648
5791 1544 1539
5166 1546 1531
2443 1562 1625
4531 1427 1707
5636 1554 1793
1422 1465 1691
4508 1557 1623
1386 1549 1580
812 1605 1684
4338 1544 1548
1924 1595 1773
5826 1426 1693
3801 1515 1710
4690 1405 1547
5903 1588 1731
4671 1399 1591
177 1536 1527
4653 1400 1695
4517 1555 1591
278 1207 1721
3310 1406 1617
4205 1402 1588
4651 1546 1545
3866 1547 1583
6148 1555 1801
2663 1601 1675
2692 1505 1693
2734 1429 1705
3415 1591 1700
1738 1476 1716
3875 1475 1722
5705 1386 1551
5216 1590 1652
5172 1401 1588
3660 1422 1541
2949 1073 1603
1583 1524 1707
3624 1456 1708
1481 1487 1724
5753 1326 1670
5120 1382 1684
4159 1540 1687
6087 1532 1520
80 1401 1562
3940 1296 1523
1588 1461 1716
2039 1561 1634
3634 1428 1614
4673 1584 1782
5335 1406 1578
6058 1036 1537
3636 1591 1697
1868 1569 1649
454 1320 1653
5117 1084 1604
294 1430 1694
4444 1454 1680
1075 1602 1660
1771 1311 1560
2163 1534 1712
4551 1604 1704
1902 1551 1573
1923 1390 1526
721 1409 1710
471 1467 1691
431 1452 1687
112 1040 1530
4223 1625 1663
2231 1410 1509
2974 1584 1733
2005 1398 1555
543 1567 1641
3472 997 1625
6074 1563 1788
1213 1489 1687
2674 1535 1521
1160 1561 1744
3079 1552 1538
734 1547 1797
2741 1637 1668
124 1599 1706
405 1392 1546
501 1590 1656
164 1593 1718
5956 1590 1750
5702 1316 1559
3701 1394 1530
1770 1406 1518
3141 1489 1693
5010 1560 1619
900 1469 1709
1085 1146 1581
712 1451 1526
647 1561 1644
1933 1517 1516
1121 1598 1688
5809 1601 1771
6153 1489 1717
3983 1589 1656
3148 1518 1701
783 1396 1516
393 1556 1753
4036 1483 1723
4906 1385 1535
5031 1402 1517
1486 1589 1705
4033 1089 1606
3125 1515 1700
3188 1459 1530
4445 1595 1697
1199 1613 1691
5965 1476 1715
6124 1585 1656
2247 1401 1699
4948 1477 1717
2774 1586 1658
1964 1545 1592
1347 1555 1590
21 1414 1586
1317 1503 1701
1620 1594 1704
1544 1472 1694
5808 1585 1753
3659 1405 1616
4254 1045 1737
1168 1441 1528
6243 1632 1671
6031 1513 1520
4461 1587 1715
1442 1346 1670
221 1399 1573
1591 1581 1730
347 1390 1690
5241 1599 1683
2723 1459 1699
5493 1487 1718
2629 1610 1704
1267 1599 1681
1436 1502 1516
6056 1569 1762
5684 1605 1654
658 1108 1594
2155 1545 1577
536 1406 1629
4796 993 1629
5046 1395 1622
5279 1574 1744
3209 1587 1663
520 1526 1709
1441 1470 1524
4779 1592 1721
1658 1090 1594
4680 1552 1601
4848 1388 1537
5661 1592 1745
2259 1434 1537
581 1574 1784
5759 1554 1541
1187 1460 1731
4941 1327 1666
954 1412 1703
705 1385 1549
5624 1441 1688
1685 1590 1712
1982 1381 1547
4365 1577 1749
636 1536 1697
3687 1469 1692
4988 1441 1540
5757 1621 1666
2207 1525 1521
4774 1470 1680
856 1588 1715
1981 1612 1670
2112 1400 1552
113 1556 1544
1760 1579 1741
5972 1493 1719
3272 1033 1539
6177 1549 1538
1707 1592 1700
594 1434 1543
983 1551 1796
1673 1474 1687
5409 1036 1626
3307 1564 1593
1584 1396 1587
2237 1603 1658
6207 1341 1676
3292 1507 1705
1641 1169 1709
696 1535 1532
831 1591 1673
5884 1400 1555
300 1185 1602
4409 1559 1566
1413 1398 1584
5902 1547 1605
1330 1573 1761
3325 1550 1604
4775 1469 1722
2226 1549 1537
1557 1490 1719
5739 1556 1562
1848 1561 1760
2179 1304 1579
4829 1181 1679
2999 1171 1590
5567 1421 1515
5921 1353 1641
5143 1401 1627
607 1381 1528
4872 1551 1536
2866 1459 1521
901 1594 1711
4393 1327 1552
4048 1529 1703
5713 1547 1576
1371 1504 1700
5658 1574 1789
1552 1612 1671
2897 1535 1523
481 1446 1537
4678 1579 1784
3746 1424 1609
2123 1297 1567
4474 1554 1592
5534 1400 1550
4902 1587 1787
2111 1124 1578
3009 1410 1511
4787 1500 1702
689 1536 1692
675 1598 1666
360 1473 1708
3152 1603 1710
2105 1560 1761
688 1415 1515
3494 1195 1599
2779 1553 1544
4542 1555 1573
5541 1533 1531
2010 1541 1541
420 1373 1682
1881 1457 1682
1069 1497 1695
1306 1529 1694
4877 1601 1696
3880 1590 1668
4763 1440 1534
6192 1523 1521
5365 1402 1563
1593 1523 1711
114 1338 1657
1928 1479 1692
4569 1398 1553
5491 1549 1739
1887 1510 1702
5336 1310 1550
2146 1553 1746
576 1412 1519
2430 1197 1600
1467 1457 1522
3883 1544 1547
2856 1347 1656
5137 1583 1746
3343 1413 1713
1494 1352 1684
6027 1475 1517
4754 1465 1518
3731 1442 1526
1908 1540 1699
2601 976 1672
3328 1576 1761
480 1578 1758
1877 1180 1669
3204 1462 1524
2185 1590 1679
301 1626 1668
3851 1383 1552
2058 1383 1698
1136 1468 1681
5391 1487 1688
5488 1623 1669
4006 1599 1654
4472 1585 1650
4381 1042 1523
27 1464 1709
2964 1467 1711
1276 1389 1546
290 1381 1536
933 1602 1670
2985 1495 1517
440 1042 1624
2805 1589 1685
3374 1532 1691
1079 1588 1747
45 1594 1690
4850 1298 1563
2777 1590 1673
4407 1552 1754
4926 1624 1663
3606 1627 1663
64 1601 1700
4488 1599 1690
17 1594 1681
5841 1550 1605
4279 1548 1547
6060 1415 1593
1353 1554 1790
1484 1454 1522
1423 1538 1704
2526 1443 1532
1778 1557 1577
5125 1327 1650
2166 1382 1544
6051 1551 1538
1968 1561 1624
1939 1393 1519
6221 1293 1537
3934 1480 1694
3744 1489 1715
1298 1387 1528
5519 1459 1676
5016 1555 1759
4823 1408 1628
528 1541 1538
6127 1401 1522
3677 1431 1691
2858 1602 1707
1806 1556 1558
2137 1597 1781
1750 1139 1572
2687 1383 1525
580 1559 1557
132 1402 1518
5328 1195 1677
5036 1594 1706
5521 1619 1666
1372 1488 1712
2245 1438 1532
3888 1589 1709
2323 1550 1560
4094 1533 1711
2630 1454 1729
3112 1152 1586
893 1591 1748
228 1349 1666
5839 1437 1687
4007 1554 1609
2353 1592 1777
3464 1460 1528
5268 1322 1669
1204 1534 1530
1549 1032 1531
3802 1412 1610
2679 1373 1683
2438 1184 1594
1090 1166 1693
1664 1595 1784
757 1145 1579
3370 1557 1757
1623 1588 1712
2190 1416 1606
5617 1385 1524
5258 1604 1717
1207 1596 1713
1086 1394 1514
1186 1421 1692
236 1391 1526
5219 1436 1533
3435 1488 1688
226 1583 1739
3437 1535 1520
1820 1630 1664
4425 1519 1713
2292 1555 1559
2700 1430 1539
1185 1597 1665
5263 1372 1681
4452 1483 1516
2567 1472 1723
5212 1518 1516
4166 1505 1712
5273 1501 1715
3864 1010 1704
4990 1004 1721
5458 1541 1533
5750 1562 1640
2019 1551 1566
5395 1322 1666
2513 1396 1556
1655 1398 1696
1448 1385 1495
2433 1442 1711
3540 1376 1542
5145 1599 1635
2965 1397 1729
2258 1401 1496
3262 1295 1495
2085 1339 1561
4497 1635 1698
3662 1211 1620
2871 1618 1711
3804 1571 1603
4547 1410 1495
4618 1359 1623
4114 1609 1737
2507 1370 1552
3196 1551 1519
862 1598 1760
287 1309 1606
3777 1513 1725
5378 1321 1522
4207 1368 1564
5141 1614 1701
446 1640 1677
5390 1429 1531
3268 1069 1569
3275 1132 1555
2529 1339 1604
656 1438 1706
6183 1329 1694
925 1314 1595
2193 1367 1511
4236 1655 1662
3401 1558 1583
801 1338 1560
769 1000 1610
4944 1414 1494
3190 1437 1514
2249 1531 1736
4314 1548 1773
1937 1467 1512
5736 1542 1802
5329 1140 1568
169 1369 1506
1967 1513 1715
1430 1280 1555
1859 1634 1688
4919 1510 1720
5018 1279 1521
3335 1448 1507
1562 1377 1533
4107 1653 1666
2404 1291 1545
1214 1347 1562
704 1548 1529
259 1567 1588
6035 1390 1632
1261 1297 1500
642 1627 1654
3252 1610 1736
5614 1664 1666
2770 1329 1566
585 1644 1691
3550 1561 1561
1566 1520 1509
3567 1647 1674
3019 1434 1520
3365 1331 1548
4342 1384 1736
5040 1320 1682
1471 1346 1555
1447 1360 1526
6201 1621 1680
5501 1358 1640
575 1265 1547
880 1533 1740
5466 1309 1545
4248 1371 1626
2542 1609 1775
1028 1560 1591
5831 1565 1599
4750 1408 1500
5021 1518 1506
5894 1543 1523
3025 1653 1656
251 1645 1689
327 1552 1520
3003 1450 1716
302 1365 1508
1322 1546 1521
4211 1361 1631
970 1622 1715
4210 1390 1721
3065 1382 1517
5087 1393 1509
3199 1543 1721
3475 1406 1493
1192 1656 1675
5527 1064 1564
5985 1568 1545
2015 1620 1643
3339 1539 1732
2820 1376 1518
4557 1632 1649
4691 1552 1805
4825 1428 1533
894 1331 1556
1897 1053 1557
5472 1361 1521
4143 1572 1563
1533 1413 1505
3774 1612 1733
4686 1020 1535
2588 1437 1516
2133 1326 1577
2241 1578 1591
1631 1572 1771
1046 1223 1624
4423 1384 1562
4741 1358 1554
903 1565 1590
2206 1424 1732
3618 1507 1728
5227 1598 1632
5678 1527 1509
2048 1287 1499
691 1605 1735
756 1131 1561
4274 1639 1695
5319 1433 1720
4545 1291 1505
2698 1514 1717
463 1445 1514
2633 1425 1533
6109 1329 1638
156 1302 1507
5463 1611 1770
686 1626 1687
2934 1595 1631
4070 1557 1771
4970 1413 1735
3547 1640 1694
5352 1368 1750
775 1571 1610
6001 1539 1737
5535 1300 1527
4681 1639 1672
1293 1529 1718
2852 1357 1556
6185 1298 1543
1742 1602 1740
513 1039 1606
3793 1565 1618
3850 1345 1610
4815 1650 1671
1892 1324 1563
3810 1500 1722
5515 1331 1600
3692 1616 1689
3382 1508 1717
2343 1627 1655
466 1561 1771
2140 1603 1747
552 1629 1646
3068 1594 1752
963 1184 1666
1308 1632 1693
673 1484 1698
5789 1399 1610
887 1602 1642
3107 1029 1611
5586 1381 1640
5170 1625 1690
5088 1324 1592
1042 1294 1510
2457 1208 1629
1839 1068 1560
678 1342 1563
4170 1643 1692
1998 1068 1541
1617 1280 1594
4454 1606 1740
5638 1395 1572
2600 1264 1536
1270 1337 1625
5457 1615 1708
209 1651 1653
2491 1638 1654
804 1369 1520
4115 1598 1761
323 1624 1690
2789 1436 1515
934 1071 1570
4332 990 1618
344 1622 1677
4524 1575 1582
2625 1345 1691
4398 1298 1643
4280 1616 1724
4360 1372 1528
5287 1371 1701
5743 1532 1512
1598 1447 1508
947 1338 1601
2675 1210 1678
561 1289 1504
1622 1556 1531
2581 1627 1649
2257 1440 1520
5417 1615 1672
4227 1611 1780
5304 1600 1784
739 1338 1563
1581 1315 1519
4942 1108 1555
1862 1573 1767
4111 1621 1695
4035 1376 1563
4972 1220 1630
2548 1453 1512
4110 1293 1564
5119 1063 1550
2659 1636 1697
881 1200 1600
5132 1357 1625
3513 1198 1658
2833 1311 1512
4943 1485 1700
537 1563 1580
4847 1599 1749
5936 1429 1519
5462 1012 1598
6084 1389 1513
4028 1295 1510
6146 1559 1524
1265 1364 1566
245 1322 1570
4477 1560 1573
1475 1390 1566
435 995 1606
5066 1273 1566
4327 1299 1605
1635 1646 1661
574 1651 1679
5436 1391 1594
5529 1539 1726
3491 1500 1727
4237 1304 1518
5792 1455 1751
2768 1307 1531
6066 1272 1538
792 1027 1528
2461 1541 1726
4991 1567 1616
1751 1539 1733
5650 1392 1772
2786 1268 1527
2221 1454 1754
2667 1583 1800
396 1610 1643
4418 1648 1657
357 1407 1498
4522 1632 1692
3122 1631 1683
4271 1395 1499
5952 1281 1576
2902 1288 1506
4008 1420 1718
1491 1614 1695
2305 1516 1508
5878 1390 1623
4538 1536 1517
4317 1393 1510
3843 1379 1509
4164 1389 1595
4167 1531 1725
1173 1280 1565
4783 1561 1536
3976 1418 1730
455 1661 1660
1814 1315 1514
3479 1268 1532
4728 1394 1591
258 1572 1620
1523 1431 1707
623 1450 1511
3673 1345 1622
4981 1527 1728
4224 1556 1771
48 1163 1571
4833 1285 1558
610 1384 1511
3619 1360 1638
187 1299 1520
1886 1098 1580
3330 1527 1729
5430 1637 1683
26 1606 1773
4887 1187 1583
5531 1621 1645
1100 1627 1699
1211 1355 1570
2017 1296 1539
2092 1646 1675
32 1367 1553
5618 1272 1524
3241 1412 1500
761 1558 1591
3400 1305 1537
4937 1563 1585
353 1364 1532
1550 1565 1576
4242 1613 1728
6237 1356 1555
5824 1127 1566
4179 1582 1798
1323 1560 1586
1068 1609 1720
1414 1378 1497
1392 1304 1674
2116 1280 1502
5598 1142 1559
5981 1552 1761
3104 1619 1715
116 1315 1620
3076 1050 1602
1558 1392 1607
4175 1569 1559
5124 1342 1552
2084 1527 1514
142 1363 1550
914 1548 1812
4411 1072 1548
5641 1384 1633
4324 1616 1714
413 989 1695
713 1568 1538
6107 1563 1589
5533 1646 1658
3221 1440 1510
2562 1415 1504
5371 1114 1563
3625 1565 1557
1996 1367 1513
1718 1285 1516
30 1402 1492
953 1159 1563
6002 1408 1746
4436 1569 1639
1277 1332 1602
4446 1373 1630
3782 1393 1573
2895 1548 1768
1194 1339 1613
3918 1561 1545
1369 1378 1557
3788 1622 1716
6013 1311 1659
2896 1556 1587
3642 1318 1579
4509 1569 1573
666 1642 1682
1138 1355 1556
1624 1533 1734
3231 1342 1604
4987 1425 1729
1424 1311 1543
4809 1597 1742
6005 1616 1728
1517 1032 1523
1433 1652 1684
5318 1638 1688
5323 1452 1700
3320 1277 1569
2931 1421 1718
4263 1601 1761
834 1625 1707
982 1120 1550
5441 1366 1535
905 1417 1744
2550 973 1634
5384 1552 1527
1219 1512 1725
4622 1571 1619
398 1658 1657
5652 1589 1796
1387 1632 1679
1292 1374 1543
4598 1611 1781
793 1339 1565
3061 994 1734
5271 1433 1713
4735 1287 1587
5311 1433 1526
4897 1423 1532
2538 1569 1617
3984 1367 1521
3617 1564 1769
5396 1310 1542
4269 1571 1620
2031 1614 1674
4082 1442 1705
1894 1304 1523
3968 1372 1506
318 1375 1726
198 1612 1702
2961 1374 1714
5630 1389 1620
5165 1551 1522
6170 1304 1529
3372 1572 1565
4424 1641 1652
2141 1371 1502
3132 1565 1564
758 1447 1710
3826 1564 1570
1536 1537 1517
4980 1371 1510
3037 1547 1515
3177 966 1667
5731 1435 1705
3762 1376 1498
1619 1613 1717
4603 1368 1759
3237 1364 1637
417 1565 1623
534 1648 1686
5648 1546 1526
1281 1326 1627
223 1614 1726
3697 1617 1688
4708 1657 1668
117 1571 1631
4973 1565 1538
937 1594 1746
5069 1208 1647
2970 1561 1588
2725 1590 1755
5412 1616 1711
5182 1661 1661
4218 1280 1551
5659 1559 1569
2038 1425 1531
687 1521 1505
1139 1422 1536
3590 1372 1550
4088 1658 1678
2617 1373 1700
4689 1600 1762
4233 1336 1552
4044 1157 1564
2091 1368 1521
4296 1581 1576
747 1300 1541
3352 1657 1669
790 1283 1574
2753 1315 1606
5997 1647 1678
3047 1544 1736
2498 1350 1616
3563 1623 1673
66 1454 1751
981 1602 1640
5096 1420 1725
3683 1313 1689
3791 1615 1710
1553 1597 1751
6117 1561 1541
6206 1305 1604
4903 1286 1550
4806 1276 1545
3852 1569 1806
929 1157 1570
434 1541 1745
3350 1649 1687
3063 1392 1728
3077 1571 1591
3733 1277 1548
2584 1599 1741
229 1035 1761
2496 1394 1602
385 1603 1781
4744 1295 1608
5032 1048 1594
4567 1414 1496
4864 1282 1515
2535 1625 1696
248 1588 1639
2719 965 1653
6121 1574 1588
4724 1368 1635
3486 1628 1681
3364 1302 1543
5785 1567 1582
2519 1389 1716
2471 1321 1691
4315 1393 1493
4458 1558 1581
1303 1354 1563
3570 1509 1729
5835 1527 1504
2894 1382 1731
5697 1388 1570
2607 1569 1613
2929 1435 1517
1749 1116 1572
5061 1570 1617
5732 1620 1689
2415 1627 1704
1174 1373 1507
52 1506 1721
4217 1031 1619
5075 1451 1520
2717 1342 1693
2304 1307 1628
5123 1616 1712
4443 1485 1702
5560 1597 1764
4984 1279 1553
4363 1456 1513
3454 1316 1582
5920 1623 1684
3111 1656 1664
809 1562 1593
635 1211 1607
3092 1280 1501
97 1108 1565
3720 1614 1730
3739 1039 1511
3545 1362 1557
4335 1386 1513
4244 1051 1597
5340 1561 1582
4654 1589 1765
5490 1388 1625
677 1611 1735
275 1529 1729
4161 1456 1518
1734 1614 1640
2033 1103 1553
18 1045 1515
1972 1321 1521
4778 1560 1549
3586 1567 1638
4138 1566 1557
2767 1526 1508
4753 1349 1549
201 1361 1634
2967 1105 1563
3359 1376 1543
6163 1622 1714
2968 1372 1702
4946 1337 1688
1459 1271 1537
569 1362 1516
1773 1618 1684
5832 1282 1675
2653 1561 1593
3216 1356 1630
2288 1020 1614
4212 1362 1534
2178 1338 1595
4893 1543 1811
3889 1269 1522
2685 1633 1700
814 1341 1611
5700 1364 1636
335 1484 1514
2650 1321 1583
4736 1642 1681
3814 1588 1756
3664 1432 1528
468 1557 1775
1327 1362 1763
965 1573 1635
3759 1616 1693
5116 1365 1699
4180 1430 1529
3280 1443 1704
1333 1063 1590
2203 1551 1808
1037 1478 1513
162 1566 1631
3726 1571 1553
3498 1374 1510
5385 1338 1566
4959 1395 1722
3753 1612 1766
1361 1310 1661
77 994 1606
2818 1209 1620
1603 1525 1735
2709 1388 1743
1720 1456 1739
3103 1390 1504
1729 1382 1701
2541 1388 1629
2769 1654 1682
2551 1527 1727
5479 1340 1570
553 1614 1682
4663 1624 1672
2661 1272 1593
4637 1543 1520
1610 1318 1697
3961 1601 1786
79 1624 1689
6061 1571 1613
232 1295 1513
3197 1462 1512
6211 1304 1596
1824 1334 1582
5777 1467 1744
3536 1575 1586
1054 1346 1688
96 1565 1544
6067 1138 1551
3484 1378 1520
5276 1601 1744
3455 1633 1657
2559 1341 1701
4550 1519 1507
5949 1601 1637
4134 1412 1497
3817 1193 1664
1926 1598 1764
5317 1110 1576
6106 1611 1647
1567 1374 1707
2622 1607 1749
4220 1385 1501
6091 1558 1593
602 1421 1499
4376 1273 1546
5818 1629 1673
5448 1629 1684
5752 1560 1548
4619 1318 1578
6154 1376 1698
4795 1404 1736
1135 1443 1699
490 1615 1724
4253 1282 1560
3539 1381 1512
4467 1381 1509
4900 1648 1652
5862 1526 1721
4373 967 1666
4292 1442 1701
2935 1615 1641
4303 1393 1491
1341 1336 1551
3313 1371 1547
312 983 1614
1119 1390 1562
521 1399 1608
3441 1309 1587
3417 1537 1726
4664 1596 1790
2427 1057 1536
4638 1313 1524
482 1405 1496
4203 1558 1805
4290 1621 1713
1863 1337 1598
3489 1396 1509
1535 1397 1505
5444 1434 1717
5498 1348 1551
4146 1309 1516
5797 1518 1732
1169 1384 1514
1827 1410 1728
3338 1552 1765
3510 1538 1738
1284 1185 1582
3792 1312 1506
2754 1015 1590
2494 1434 1526
1774 1642 1647
4247 1459 1745
2303 1539 1514
6114 1041 1600
5858 1641 1664
2864 1599 1792
2156 1308 1632
1314 1058 1596
2474 1456 1693
412 1394 1733
5316 1531 1730
2317 1598 1754
1315 1314 1517
2997 1441 1516
4026 1334 1579
1726 1460 1507
4061 1321 1609
3986 995 1608
2842 1381 1625
3006 1562 1543
5475 1462 1744
3163 1212 1642
2216 1360 1689
5673 1267 1515
3466 1648 1654
1609 1577 1641
4289 1362 1566
6175 1550 1517
56 1340 1613
118 1566 1582
1746 1567 1634
2875 1387 1630
3653 1478 1697
5967 1561 1529
1959 1301 1525
3443 1569 1626
2620 1352 1568
3088 1629 1694
4699 1582 1575
2606 1613 1675
4390 1605 1745
3685 1262 1548
4998 1524 1716
4093 1046 1514
3450 1047 1579
2395 1275 1593
3959 1371 1637
2094 1564 1590
2087 1428 1726
3821 1549 1526
1889 1357 1551
1819 1397 1504
2790 1341 1640
2765 1361 1548
1488 1570 1559
5545 1049 1539
3260 1458 1509
4876 1652 1668
908 1442 1697
1495 1439 1520
1021 1608 1647
3964 1645 1651
5740 1587 1798
4938 1307 1501
962 1542 1733
3332 1602 1736
5901 1050 1607
4901 1625 1704
341 1513 1728
3707 1032 1609
6241 1617 1726
3448 1048 1615
3756 1548 1805
611 1340 1618
5613 1096 1558
798 1304 1533
3958 1565 1551
4455 1617 1724
3169 1442 1721
2504 1651 1654
2462 1651 1681
1940 1262 1542
931 1606 1729
1919 1421 1725
5596 1312 1638
1572 1445 1517
5568 1605 1642
3207 1385 1640
1083 1599 1636
3881 1514 1720
6199 1560 1530
5592 1278 1597
6142 1460 1695
5261 987 1609
5489 1620 1678
5737 1471 1511
6037 1638 1679
3459 1309 1543
818 1408 1497
1515 1626 1691
2791 1564 1538
1078 1559 1807
4487 1405 1752
7 1609 1712
380 1528 1515
1164 1433 1714
1084 1544 1730
3183 1064 1561
3218 1347 1633
5626 1575 1802
2797 1331 1621
6026 1369 1732
4173 1615 1717
2161 1454 1514
5810 1327 1571
2932 1580 1804
1871 1309 1604
70 1613 1678
3083 1554 1779
1661 1655 1674
1556 1618 1678
4595 1082 1592
6115 1562 1591
2437 1587 1637
5068 1413 1502
870 1613 1647
618 1553 1527
5327 1604 1743
6205 1357 1560
2243 1285 1571
1640 1397 1734
3925 1457 1518
529 1450 1518
5078 1537 1742
5246 1608 1771
296 1522 1510
4590 1437 1513
5058 1366 1686
4594 1377 1763
3926 1646 1682
1512 1555 1526
4492 1333 1621
1157 1311 1683
777 1562 1566
5105 1375 1564
1499 1642 1665
1449 1600 1761
3281 1645 1691
2057 1572 1548
1045 1608 1711
3312 1593 1760
1736 1609 1639
662 1575 1805
4058 1384 1626
437 1332 1577
2138 1324 1616
3729 1386 1503
4321 1283 1546
2468 1609 1736
1850 1596 1749
3885 1448 1517
2276 1400 1501
3446 1605 1743
311 1381 1568
2658 1659 1669
651 972 1671
1041 969 1650
2944 1380 1590
5778 1385 1620
926 1361 1526
5449 1620 1717
6059 1596 1763
4696 1394 1772
4192 1371 1693
3035 1392 1570
1099 1610 1773
401 1599 1737
2069 1262 1537
5177 1450 1693
1869 1600 1644
4732 1225 1714
104 1409 1501
1789 1308 1510
266 1319 1623
3867 1377 1496
3134 1064 1593
1273 1303 1669
1534 1289 1673
5368 1592 1797
5780 962 1671
6007 1633 1713
2025 1358 1581
1856 1588 1583
3282 1452 1728
376 1659 1690
4127 1625 1713
2742 1492 1741
5257 1437 1498
1529 1521 1735
1404 1630 1723
3385 1374 1583
1435 1357 1467
4759 1628 1718
1611 1410 1793
742 1343 1454
4645 1396 1483
6038 1576 1532
5139 1562 1527
4668 1624 1724
1058 1076 1528
4940 1611 1627
3577 1622 1724
1197 1569 1582
3776 1321 1500
4498 1062 1527
1905 1310 1654
545 1335 1456
3979 1381 1614
5577 1231 1620
3492 1413 1487
2103 1336 1726
851 1580 1608
5109 1541 1759
6229 1211 1601
3447 1514 1741
6050 1487 1510
6102 1243 1611
1403 1580 1814
1740 1346 1484
2064 1574 1628
4219 1621 1777
1657 984 1586
5497 1425 1503
3198 1433 1751
2930 1319 1482
5593 1349 1590
1654 1504 1738
5004 1665 1665
5523 1282 1616
4983 1667 1652
1251 1570 1539
714 1595 1569
6233 1247 1607
6187 1320 1535
728 1545 1819
3136 1388 1466
4956 1554 1518
370 1665 1646
5262 1349 1602
3950 1401 1490
3834 1357 1723
2485 1356 1609
2000 1440 1782
2927 1340 1479
681 1361 1609
68 1405 1787
4361 1433 1788
1301 1585 1805
6140 1625 1768
2776 1502 1854
3395 1260 1679
1218 1360 1478
5966 1499 1512
5353 969 1614
1006 1248 1633
3340 1521 1499
1629 1381 1481
4879 1286 1492
2225 1466 1756
3010 1209 1670
1497 1378 1575
4051 1655 1701
5303 1586 1571
3041 1582 1636
3402 1537 1827
5748 1238 1623
4302 1287 1490
1772 1382 1468
1994 1449 1734
4193 1571 1539
5334 1616 1745
2410 1132 1545
5167 1457 1495
1033 1647 1641
4336 1438 1510
1930 1570 1520
5291 1332 1473
1457 1543 1760
2695 1332 1476
4536 1610 1631
3080 1609 1750
4496 967 1678
3295 1332 1510
2088 1415 1769
3017 1386 1576
6145 1629 1721
2572 1487 1740
5286 1568 1534
1264 1533 1504
364 1576 1573
4249 1381 1485
1096 1506 1738
4541 1368 1579
5856 1569 1521
1059 1365 1486
2598 1345 1503
3535 1028 1589
1831 1349 1474
1400 1279 1490
1708 1027 1515
428 1450 1497
2515 1357 1540
31 1581 1635
1645 1367 1454
4626 1327 1543
6242 1372 1720
2854 1364 1507
5205 1406 1477
6169 1512 1874
3140 1610 1627
4191 1574 1564
1644 1616 1753
2266 1386 1474
3039 1648 1700
2575 1280 1687
2913 1488 1742
5344 1383 1796
239 1345 1467
2270 1327 1506
2298 1424 1510
5375 1524 1501
4020 1644 1698
2868 1354 1574
1208 1268 1612
5456 1673 1664
2340 1312 1474
5865 1528 1507
386 1590 1804
871 1372 1471
5082 1514 1874
6176 1520 1742
5579 1254 1523
3558 1251 1554
3482 1654 1644
6125 1578 1593
4548 1355 1595
915 1255 1551
2566 1337 1527
1177 1351 1608
6110 1543 1749
5793 1355 1499
2338 1626 1713
1235 1128 1531
4924 1438 1759
4122 1359 1492
5528 1310 1474
4490 1571 1818
3467 1347 1622
1683 1353 1535
3477 1503 1865
3440 1571 1530
1883 1507 1741
5131 1599 1621
1357 1524 1496
4493 1023 1588
1256 1460 1495
5037 1616 1635
3948 1645 1647
313 1583 1812
4343 1461 1500
3931 1427 1774
732 1353 1709
2718 1336 1513
1602 1313 1497
2055 1272 1615
3324 1578 1558
6173 1268 1683
5601 1388 1484
5747 1279 1493
5451 1620 1725
1745 1429 1506
3329 1435 1756
4251 1211 1598
1855 1370 1456
649 1376 1470
5076 1366 1601
3287 1327 1513
2273 1068 1528
1190 1485 1503
2943 1512 1741
784 1664 1687
4427 1357 1578
5632 1582 1572
3418 1667 1647
4437 1522 1499
622 1482 1873
1274 1578 1552
984 1505 1740
5073 1560 1824
2641 1624 1637
6101 1317 1502
3612 1012 1537
1660 1300 1653
2265 1080 1537
1407 1515 1873
2229 1649 1640
1141 1344 1514
6097 1343 1493
2730 1663 1685
1114 1450 1744
41 1365 1470
1690 1577 1557
1269 1131 1533
4415 1523 1501
2261 1380 1609
2597 1624 1732
2799 1216 1654
4855 983 1720
1518 1360 1501
1803 1414 1762
4693 1341 1458
216 1116 1541
3167 1616 1735
5738 1582 1543
3228 1255 1681
3234 1504 1734
3752 1504 1731
5435 1259 1595
2434 1014 1574
4740 1578 1605
4331 1443 1787
86 1354 1512
3309 1453 1766
100 1349 1721
964 1584 1571
3366 1350 1603
3354 1375 1477
63 1356 1526
2635 1631 1717
4734 1240 1611
4849 1322 1479
655 1581 1566
171 1585 1575
374 1267 1508
5346 1480 1506
2418 1381 1592
4896 1384 1615
6086 1234 1636
4 1532 1498
3416 1375 1600
3004 1592 1573
5414 1621 1736
1564 1324 1711
3427 1584 1542
4747 1367 1709
5382 1487 1882
4599 1642 1708
2917 1513 1511
1236 1333 1533
4726 1438 1757
5020 1332 1505
5838 1362 1470
2547 1671 1675
445 1055 1530
604 1380 1597
5879 1399 1480
1612 1587 1587
1650 1046 1570
1586 1618 1777
5026 1506 1510
997 1218 1671
5008 1378 1611
2555 1331 1722
47 1538 1502
5387 1339 1460
3884 1444 1758
4961 1518 1740
5097 1568 1519
4491 1396 1478
5420 1650 1647
2062 1426 1749
1818 1591 1568
4964 1270 1616
2549 1113 1544
4386 1259 1567
1885 1371 1487
5768 1314 1498
1539 1364 1478
222 1625 1641
1421 1329 1467
3973 1632 1720
4344 992 1582
3154 1508 1511
2885 1462 1495
4635 1499 1515
1857 1628 1766
4731 1264 1607
2563 1346 1460
2677 1349 1500
4169 1530 1752
1022 1358 1519
4803 1394 1472
5574 1329 1488
5784 1547 1509
3870 978 1699
2073 1505 1875
4126 1368 1478
665 1273 1618
5615 1281 1611
4064 1436 1497
5766 1636 1703
2475 1241 1638
1916 1347 1583
2710 1428 1506
274 1615 1742
4459 1611 1743
1439 1578 1539
2348 1017 1605
2131 1353 1759
227 1652 1702
2390 1346 1482
4178 1358 1750
750 1495 1514
808 1515 1514
526 1610 1636
1957 1589 1574
6083 1516 1501
4264 1431 1505
6069 1441 1743
4766 1375 1594
3346 1347 1541
487 1452 1503
1389 1359 1496
2042 971 1609
5823 1413 1776
12 1369 1459
4362 1036 1576
2682 1639 1638
1606 1358 1621
215 1662 1655
5322 1425 1517
985 1655 1690
5934 1027 1583
3105 1496 1509
1105 1328 1486
5179 1576 1615
3669 1287 1684
3002 1218 1653
1066 1667 1679
5171 1500 1875
3413 1631 1707
138 1611 1790
4096 1361 1500
3595 1580 1621
6014 1168 1563
835 1365 1464
5093 1553 1782
5553 1433 1752
3341 1381 1616
2766 1471 1752
3060 1648 1698
3754 1427 1499
1331 1372 1602
1156 1613 1787
3604 1496 1863
2402 1622 1717
2479 1200 1567
303 1336 1499
3861 1432 1773
3828 1670 1680
5251 1331 1520
2832 1505 1852
4918 1567 1525
2880 1542 1510
289 1625 1732
5465 1313 1486
3123 1638 1701
394 1583 1813
2315 1343 1472
4834 1378 1599
1825 1422 1763
945 1373 1607
2408 1328 1508
3858 1351 1498
3386 1670 1665
4328 1625 1773
1007 1361 1494
2702 1521 1744
2282 1598 1628
1451 1317 1489
73 1369 1492
3648 1261 1621
2920 1503 1871
470 1271 1498
2204 1638 1708
5633 1046 1500
1599 1338 1537
1966 1338 1486
2678 1557 1521
1990 1601 1765
628 1395 1479
5644 1368 1612
4120 1412 1482
5937 1671 1657
5267 1330 1527
2196 1399 1486
3499 1427 1515
1727 1668 1657
5769 1376 1581
4552 1022 1516
6003 1219 1606
5836 1673 1657
1878 1361 1508
897 1492 1879
4262 1355 1511
3593 1357 1607
4805 1427 1501
3998 1666 1648
5343 1332 1539
5721 1368 1459
2670 1422 1507
5240 1534 1753
2481 1583 1556
5232 1624 1734
1203 1553 1826
4190 1655 1650
2188 1269 1626
817 1603 1621
2697 1599 1628
6089 1263 1562
1112 1444 1783
1024 1147 1533
566 1507 1514
3708 1630 1639
3150 1377 1482
1561 1434 1751
508 1671 1683
3480 1627 1717
548 1651 1694
6152 1500 1737
3094 1415 1488
83 1503 1876
1794 1510 1515
912 1237 1607
639 1638 1645
5376 1330 1711
3825 1340 1493
2672 1361 1479
3859 1652 1701
5639 1656 1648
4575 1263 1516
5102 1498 1874
3508 1491 1509
3651 1374 1598
5953 1356 1601
789 1334 1464
4672 1357 1522
2275 1566 1532
5803 1332 1458
3421 1584 1594
4206 1495 1859
5714 1032 1594
3172 1656 1697
1925 1348 1464
4341 1514 1857
5719 1411 1484
4752 1327 1489
5507 1377 1481
4824 1380 1486
4977 1400 1474
2716 1584 1582
1504 1326 1493
1530 1537 1507
5741 1549 1825
1416 1251 1571
3383 1582 1555
4957 1459 1497
6077 1431 1764
1161 1545 1758
2152 1389 1617
2624 1344 1511
2383 1381 1483
1815 1538 1503
5715 1658 1696
2971 1352 1712
5984 1652 1644
4136 1273 1506
2098 1020 1555
1934 1594 1574
108 1481 1502
1426 1091 1532
3808 1638 1638
6224 1312 1533
5248 1547 1814
3514 1331 1503
5370 958 1645
2325 1378 1577
5494 1343 1758
4712 1338 1531
5873 1665 1651
4066 997 1579
1455 1402 1485
4802 1349 1467
4874 1669 1664
3803 1570 1530
2217 1043 1582
2614 1605 1621
2827 1534 1503
1753 1440 1507
5190 1583 1594
6040 974 1605
3423 957 1642
3938 1359 1722
4457 1519 1502
3573 1508 1868
167 1664 1680
3646 1249 1534
1263 1505 1515
2219 1647 1694
2172 1339 1477
2845 1376 1489
2022 1285 1699
6141 1347 1545
3955 1524 1499
1409 1376 1462
4818 1260 1549
369 1329 1456
5432 1163 1562
1788 1671 1650
2359 1288 1625
3174 1342 1585
5830 1406 1788
3942 1009 1735
450 1578 1562
4099 1576 1552
5425 1383 1608
3511 1041 1595
2745 1440 1746
5692 1352 1592
3031 1349 1486
3649 1052 1544
2400 1365 1605
2060 1416 1785
5725 1433 1504
2255 1349 1585
3755 1375 1457
4319 1487 1506
6049 1393 1469
2651 1408 1482
472 1573 1817
3254 1336 1529
1542 1252 1528
3686 1508 1510
1810 1343 1466
878 1309 1496
5829 1619 1730
2403 1531 1823
4563 1497 1513
349 1385 1476
1829 1650 1690
4612 1494 1515
1118 1215 1650
5962 1380 1485
4553 1569 1523
3027 1440 1770
4962 1561 1522
3597 1365 1477
799 1441 1735
3954 1025 1594
1329 1333 1545
4482 1336 1478
2239 1419 1750
2830 1576 1609
2495 1661 1649
395 1550 1793
5585 1577 1578
3342 1602 1791
1401 1578 1532
5455 1353 1517
5887 1349 1482
4604 1664 1689
184 1492 1508
2440 1557 1820
4634 1354 1492
1560 1326 1513
321 1244 1545
5292 1552 1511
4669 1276 1683
4260 1354 1600
2263 1578 1597
3737 1474 1746
2683 1302 1654
1846 1353 1725
2657 1404 1481
2569 1357 1609
6139 1325 1480
567 1338 1480
3580 1149 1555
4610 1013 1567
1202 1360 1494
4516 1646 1694
4241 1641 1642
2589 1411 1492
2335 1006 1582
1130 1537 1828
999 1407 1765
3202 1614 1638
3414 1578 1637
2740 1644 1710
2794 1646 1703
1621 1361 1465
5591 1371 1577
1427 1486 1512
549 1613 1755
3038 1603 1796
4518 1356 1499
271 1654 1705
2972 1579 1632
1358 1349 1506
3589 1619 1641
1454 1051 1549
29 1355 1474
8 1446 1737
4837 1350 1476
1463 1597 1628
1570 966 1676
2256 1246 1555
5011 1301 1485
3700 1202 1573
272 1670 1653
4674 1111 1538
1551 1262 1521
4299 1404 1477
1638 982 1589
3667 1451 1499
4075 1400 1484
5115 1494 1513
2313 1460 1496
4399 1529 1744
2363 1619 1735
4412 1360 1502
502 1593 1806
3571 1582 1589
1411 1581 1603
5722 1368 1610
4378 1376 1480
2727 1339 1457
1151 1313 1494
4284 1341 1467
5348 1425 1760
4729 1372 1457
616 1355 1455
1961 1343 1463
1962 1623 1770
4593 1516 1735
5877 1530 1497
497 1636 1716
1988 1333 1490
5619 1632 1716
3904 1251 1535
1040 1594 1805
624 1427 1779
5431 1264 1591
4430 1473 1507
3914 1387 1617
3501 1357 1485
4639 1619 1635
212 1533 1827
4141 1562 1515
3876 1468 1505
3321 1538 1823
865 1510 1859
107 1006 1589
5377 1230 1612
4447 1254 1554
5161 1376 1464
4150 1611 1637
4656 1364 1587
2046 1558 1508
627 1076 1533
5140 1313 1475
3728 1343 1514
786 1582 1595
2804 1368 1479
4027 1257 1559
1399 1553 1508
1289 1353 1471
1206 1355 1528
932 1310 1483
4403 1311 1656
4526 1634 1713
1342 1604 1627
995 1431 1788
4162 978 1714
3223 1349 1478
531 1670 1655
674 1249 1525
4414 1082 1532
716 1376 1469
4201 1258 1559
772 1036 1508
2802 1368 1588
3839 1380 1592
322 1577 1815
4442 1352 1469
4963 1355 1486
4895 1576 1603
2470 1578 1535
3424 1472 1509
6188 1329 1522
3246 1447 1507
1250 1345 1482
2860 1484 1504
958 1337 1472
2150 1609 1622
4510 1618 1783
6071 1274 1614
3072 1268 1622
5693 1385 1606
3599 1575 1565
2291 1389 1480
4648 1050 1550
1840 1318 1475
5213 1613 1632
5162 1427 1765
1266 1588 1801
203 1576 1633
3470 1588 1577
2290 1330 1545
4786 1654 1687
2008 1574 1607
2632 1534 1742
5883 1621 1640
3844 1438 1784
430 1395 1486
2636 1316 1492
1826 1356 1464
3531 1368 1494
5474 1380 1462
1231 1672 1668
2505 1300 1652
3488 1578 1565
4400 1414 1485
4821 1059 1521
5083 1479 1505
1275 1639 1699
670 1209 1662
285 1354 1469
6044 1347 1482
4086 1341 1471
4958 1361 1619
3564 1378 1477
2706 1369 1461
2154 1372 1488
1166 1025 1584
125 1293 1693
2599 1391 1472
5 1460 1503
81 1154 1557
149 1577 1620
291 1577 1576
1699 1336 1465
3632 960 1668
4499 1359 1517
4068 1549 1505
3572 1334 1498
540 1347 1600
4804 1277 1623
2552 1338 1506
1898 1383 1478
1381 1583 1599
3871 1260 1562
5812 1591 1801
4273 1366 1718
1997 983 1590
5234 1403 1485
695 1353 1527
1364 1638 1702
1087 1230 1604
3096 1413 1752
1816 1655 1641
254 1399 1478
4647 1341 1705
231 1663 1682
5663 1544 1504
2165 1351 1519
6073 1359 1463
791 1579 1806
3062 1383 1609
5158 1389 1611
3211 1358 1765
4857 1547 1777
6164 1250 1568
4617 1225 1686
158 1250 1546
3299 1669 1647
2366 1010 1573
1951 1306 1480
1122 1408 1491
3227 1351 1487
3399 1552 1825
4777 1284 1486
2511 1393 1479
2738 1618 1729
1320 1665 1664
5509 1327 1525
4871 1622 1769
989 1502 1858
3018 1547 1824
3304 1591 1570
5135 1661 1645
1787 1583 1579
5640 1343 1545
4176 1334 1478
1395 1132 1529
6230 1583 1580
927 1593 1799
4188 1380 1598
404 1335 1542
3143 1575 1558
2798 1406 1484
3195 1433 1503
923 1627 1633
4572 1634 1716
5606 1285 1497
3300 1366 1504
645 1258 1544
4535 963 1634
2300 1586 1565
5423 1584 1548
3935 1257 1553
191 1588 1587
500 1321 1536
4213 1410 1485
1836 1558 1826
122 1362 1492
134 1258 1530
3460 1652 1688
4226 1669 1667
208 1364 1714
4023 1382 1583
917 1475 1746
2703 1616 1637
1242 1268 1613
2024 1248 1558
2043 989 1584
4549 1517 1499
5189 1345 1490
3239 1623 1629
5045 1372 1591
3451 1526 1742
4581 1248 1554
768 1649 1703
5325 1604 1794
4640 1669 1665
3568 1360 1574
3626 1419 1751
1548 1569 1817
1470 1479 1501
2439 1391 1479
1677 1623 1637
5442 1352 1479
4268 1549 1823
2785 1352 1617
1766 1657 1698
3598 1576 1534
2652 1648 1639
4037 1582 1542
3561 1366 1599
4479 1582 1606
2139 1340 1458
4183 964 1667
2191 1469 1502
1011 1395 1471
5625 1544 1762
584 1520 1736
2892 1638 1636
2199 1392 1479
3322 1363 1793
4564 1639 1703
5111 1338 1541
920 1208 1568
3279 1315 1706
2808 1437 1796
832 1335 1481
4285 1041 1584
1062 1560 1524
3502 1645 1696
3438 1385 1475
5358 1555 1514
4171 1352 1601
5464 1572 1528
2405 995 1595
2840 1381 1587
1768 1326 1483
4312 1627 1769
4230 1579 1586
4101 1594 1798
175 1341 1593
2924 1544 1510
3217 1662 1650
966 1489 1741
1636 1589 1585
1514 1351 1530
4606 1361 1782
5299 1343 1709
2819 1370 1598
810 1575 1545
1285 1038 1588
2399 1356 1490
5681 1335 1491
4031 1521 1844
5357 1490 1747
3051 1493 1754
2387 1472 1855
4788 1506 1754
853 1616 1758
1170 1555 1498
1977 1154 1536
3602 1605 1578
1391 1511 1746
2986 1583 1819
2184 1451 1789
991 1448 1816
4209 1438 1883
4608 1669 1637
3128 1631 1769
34 1475 1815
571 1586 1535
2536 1614 1791
4630 1278 1715
1019 1434 1845
3149 1605 1615
2375 1628 1773
263 1573 1512
5610 1156 1527
2539 1667 1638
4947 1601 1565
2714 1437 1813
3807 1490 1844
5733 1422 1488
511 1474 1856
4346 1584 1537
1704 982 1568
1344 1485 1815
6009 1680 1665
3972 1239 1668
182 1450 1788
4771 1238 1526
2036 1454 1493
5544 1475 1827
5015 1127 1526
1150 1641 1720
475 1538 1492
5986 1479 1815
3220 1676 1678
1682 1538 1499
6065 1654 1637
3569 1647 1721
4234 955 1660
781 1431 1908
1595 1609 1620
270 1433 1490
2976 1580 1530
4471 1636 1625
795 1148 1531
1396 1582 1628
2784 1442 1490
924 1479 1761
2132 1443 1876
330 1618 1614
2013 1639 1630
2828 1061 1512
3620 1516 1827
5281 1557 1501
3679 1638 1723
3682 1023 1506
2545 1220 1589
3787 1636 1729
2520 1589 1550
5422 1663 1699
3721 1549 1495
368 1327 1472
744 1680 1689
505 1673 1692
973 1596 1555
4394 1513 1504
5919 1576 1820
1014 1234 1588
4046 1555 1503
5794 1476 1757
442 1491 1850
5154 1664 1639
2691 1289 1712
145 1571 1514
6159 1618 1787
1473 1668 1635
6093 1436 1838
3730 1029 1567
1 1494 1500
1212 1595 1545
3905 1496 1813
5060 1391 1462
949 1583 1621
621 1596 1812
1918 1002 1525
5558 1615 1758
5787 1501 1747
633 1240 1589
1233 1472 1767
2811 1242 1545
1217 1624 1624
3688 1534 1497
3245 1646 1625
3056 1648 1629
4676 1267 1630
5270 1591 1808
2322 1481 1809
89 1680 1647
1035 1596 1597
4300 1460 1790
5645 1586 1616
6166 1685 1671
1585 1674 1653
5846 1601 1575
213 1462 1492
650 1560 1503
473 1317 1743
3066 1628 1626
1031 1533 1764
2571 1513 1756
5708 1630 1627
1117 1509 1798
1432 1175 1554
153 1542 1839
2849 1489 1850
4909 1590 1620
4801 1207 1579
2061 1507 1504
3610 1593 1590
5897 1026 1579
3118 1679 1660
1200 1591 1590
452 1597 1567
2645 1447 1809
3526 1574 1511
4546 1607 1616
262 1266 1496
148 1424 1842
308 1256 1508
2591 1282 1646
4533 1417 1850
3615 1482 1849
518 1573 1509
693 1667 1634
6171 1429 1878
3833 1474 1493
3126 956 1660
4391 974 1590
1417 1363 1795
4196 1234 1561
612 1474 1806
5133 1548 1830
773 1180 1553
952 1688 1655
3284 1553 1493
4494 1627 1744
3698 1628 1732
4953 1422 1494
4862 1578 1518
5975 1605 1560
2534 1515 1838
565 1191 1559
4222 1536 1847
986 1400 1806
474 1587 1539
6144 1524 1490
1013 1102 1534
4369 1256 1503
2732 1591 1587
3298 1684 1655
6219 1652 1716
826 1567 1832
2595 1601 1596
4102 1421 1829
703 1443 1858
886 1634 1628
252 1461 1889
2397 1402 1829
2369 1524 1830
4792 1669 1642
2066 1252 1712
5203 1480 1491
2326 1601 1571
3463 1269 1633
5243 1580 1822
5231 1585 1604
4707 1432 1842
4322 1459 1843
2050 1429 1887
4432 1505 1831
4232 1319 1473
1600 986 1568
2565 1607 1563
1730 1484 1804
3699 1010 1556
1095 1465 1879
5881 1646 1631
2393 1621 1748
824 1681 1657
4392 1537 1772
1359 1224 1579
2543 1598 1570
1575 1488 1847
4705 1658 1702
5001 1258 1670
2169 1460 1846
2254 1348 1778
1821 1598 1547
4506 1422 1482
1010 1552 1834
5827 1398 1467
3127 1026 1500
2888 1114 1530
141 1536 1772
5309 1104 1528
4380 1582 1624
2990 1633 1732
5250 1414 1470
3323 1456 1874
4851 1528 1771
1587 1538 1493
2108 1516 1832
2649 1545 1787
2962 1430 1891
4045 1512 1745
1811 1605 1561
1376 1491 1502
2296 1557 1494
4782 968 1585
2510 1529 1493
1569 1654 1636
5476 1674 1654
4746 1323 1472
5932 1607 1564
1973 1442 1836
5496 1612 1610
724 1524 1840
1038 1460 1490
811 1543 1499
992 1480 1810
4065 1510 1801
5289 1465 1845
3557 1665 1640
2213 1558 1494
5654 1435 1806
5469 1649 1710
4799 1616 1764
3516 1526 1754
5922 1036 1501
4748 1590 1596
5514 1521 1765
1519 1188 1559
427 1595 1599
2003 1463 1831
1489 1311 1731
4596 1622 1747
373 1475 1868
5034 1570 1513
5542 1599 1600
2168 1271 1492
3549 1466 1487
426 1677 1689
235 1681 1672
267 1493 1504
3766 1056 1508
813 1511 1840
2937 1577 1826
4195 1560 1495
4016 1585 1608
5581 1531 1490
3767 1464 1804
1721 1252 1633
6179 1549 1493
5611 1439 1811
5224 1473 1490
4441 1491 1839
3991 1551 1502
1911 1461 1488
2081 1552 1838
3481 1425 1483
1667 1687 1655
2345 1276 1670
4605 1447 1486
1626 1536 1834
4489 1562 1495
5772 1465 1779
5089 1614 1759
72 1254 1692
573 1467 1766
4832 1591 1811
2580 1490 1745
277 1596 1562
2083 1598 1585
4571 1673 1698
3375 1677 1673
2441 1684 1680
2631 1586 1529
172 1586 1614
2801 1452 1486
1120 1542 1499
4419 1633 1725
4607 1587 1529
5999 1248 1514
2332 1422 1484
3716 1474 1852
4239 1472 1802
3953 1411 1810
2537 989 1541
3694 1565 1506
2211 1528 1850
5211 1266 1489
1408 1519 1848
179 1595 1608
1410 1681 1671
946 1516 1800
4565 1637 1725
4408 995 1574
4773 1625 1616
5112 1531 1492
5547 1457 1854
560 1573 1506
432 1589 1625
5723 1007 1560
5963 1563 1506
3627 1161 1545
5280 1468 1761
4032 1677 1652
5870 1620 1759
1398 1454 1780
5013 1608 1797
5253 1675 1669
3473 1598 1555
1672 988 1543
5072 1527 1845
950 1631 1729
2347 1267 1490
3794 1470 1488
4930 1645 1634
1922 1590 1533
715 1602 1803
1643 1570 1825
1765 1558 1507
720 1594 1549
1081 1210 1576
1823 1429 1492
82 1420 1478
3048 1498 1888
1757 1604 1584
257 1459 1867
260 1676 1680
2448 1588 1814
1913 1420 1893
5242 1621 1745
2018 1595 1813
5255 1600 1560
292 1589 1607
2445 1448 1805
65 1520 1494
1167 1440 1813
921 1622 1756
1559 1607 1614
436 1042 1497
5134 1613 1620
2715 1553 1829
4433 1389 1455
1003 1488 1493
3949 1384 1802
4566 948 1623
1351 972 1589
3921 1461 1804
3445 1679 1692
237 1675 1642
2898 1669 1634
5735 1404 1856
1634 950 1628
3874 1684 1675
3862 1669 1702
351 1599 1805
3960 1222 1567
4722 1408 1888
1579 1534 1849
882 1584 1818
2324 1466 1492
4117 1237 1572
1378 1591 1555
2681 1604 1556
3069 1468 1762
6236 1389 1459
1952 1595 1557
3661 1468 1851
3847 958 1604
5347 1578 1820
6126 1261 1498
5099 1584 1632
762 1279 1697
1521 1280 1641
873 1472 1818
4294 1542 1492
1642 1251 1662
4570 1500 1807
5142 1681 1662
1229 1630 1731
5806 1463 1838
846 1576 1512
298 1281 1656
348 1639 1719
6120 1659 1635
5005 1682 1650
3388 1611 1613
365 1619 1755
4434 1682 1659
2311 1612 1793
5990 1494 1806
6193 1543 1798
3091 1618 1757
5629 1522 1764
120 1021 1511
2423 1267 1634
2480 1476 1498
4449 1163 1540
5401 1635 1622
3261 1679 1646
2721 1532 1845
5959 1395 1454
4791 1419 1841
2882 1675 1675
6123 1533 1769
147 1660 1632
3170 1421 1875
5765 1248 1585
503 1545 1784
5106 1532 1841
1799 1420 1482
2751 1614 1613
4286 1440 1492
6231 1529 1839
3070 1421 1821
2586 1610 1615
4798 1141 1527
620 1457 1492
3854 1592 1604
1154 1633 1731
1093 1476 1871
3219 1642 1624
3293 1423 1496
6029 1529 1489
4112 1535 1492
3725 1243 1556
3456 1615 1612
748 1411 1807
2638 1512 1505
293 1457 1778
5052 1461 1780
2933 1591 1537
1162 1605 1584
1804 1558 1828
586 1615 1618
4266 1591 1627
3796 1450 1830
1030 1416 1849
5696 1461 1487
6168 1445 1868
5023 1404 1844
4925 1092 1530
5027 1633 1727
3131 1591 1592
1775 1446 1835
617 1523 1765
4845 1412 1808
1984 1484 1493
1123 1605 1581
3050 1399 1456
730 1528 1843
5712 1443 1817
5062 1682 1678
3652 1463 1848
5186 1665 1701
5164 1448 1810
5447 1603 1565
94 1572 1506
2049 1561 1501
4410 1279 1661
5649 1536 1832
1354 1607 1577
1356 1547 1498
841 1472 1871
3892 1567 1507
1780 1427 1481
152 1237 1579
5017 1263 1494
4587 1401 1469
5888 1474 1755
4819 1388 1465
4843 1625 1752
3674 1589 1606
829 1242 1561
667 1451 1790
3678 1653 1709
5760 1534 1496
4021 1498 1798
5033 1449 1820
2411 1574 1515
664 1675 1694
4054 1645 1625
5202 1433 1487
1178 1048 1520
546 999 1554
415 1500 1842
3842 1493 1844
5666 1587 1550
3797 951 1645
6202 1523 1831
414 1456 1493
4484 1195 1564
2506 1454 1842
2333 1531 1495
4853 1602 1593
2068 1450 1488
5454 1245 1581
5206 1594 1554
948 978 1569
4592 1678 1678
5285 1462 1875
4949 1479 1818
5470 1431 1487
2299 1237 1586
5264 1426 1900
2522 1583 1607
4025 1514 1511
2889 1493 1849
4240 1613 1611
5954 1609 1618
3835 1678 1671
1126 1394 1467
4838 1468 1493
1291 1599 1568
1039 1669 1638
3806 1621 1747
827 1565 1512
4121 1572 1511
4662 1440 1834
3813 1428 1910
998 1269 1723
1082 1682 1661
6048 1546 1789
183 1561 1500
5288 1452 1868
355 1618 1759
3358 1542 1497
4316 1396 1812
5813 1650 1716
5996 1573 1523
5321 1571 1824
1697 1277 1698
5706 1600 1562
1437 1657 1705
5931 1603 1589
2053 1463 1864
6245 1459 1836
154 1403 1473
1662 1285 1658
4631 1587 1604
3809 1486 1748
3054 1469 1879
3696 1389 1463
849 1381 1832
5500 1566 1824
706 1288 1735
1370 1478 1497
5487 1520 1492
3601 1463 1488
1835 1239 1581
5634 1592 1537
4313 1589 1609
4478 1588 1530
3717 1522 1757
1205 1589 1558
5400 1670 1689
5993 1654 1635
2728 1625 1741
6210 1325 1773
974 1652 1629
5911 1216 1561
4716 1427 1799
5239 1657 1635
1055 1457 1823
5181 1517 1832
4128 1629 1768
5647 1330 1729
646 1451 1797
3238 1544 1491
568 1108 1527
3616 1465 1876
4706 1137 1526
4165 1451 1488
1419 1410 1880
1456 1458 1890
5156 1673 1653
3608 1234 1570
4153 1315 1746
1709 1295 1731
4396 1601 1587
2126 1515 1837
1716 1515 1506
342 1261 1637
1715 1139 1520
1461 1263 1502
752 1515 1502
2070 1501 1746
654 1643 1626
3138 1468 1771
559 1590 1591
4955 1453 1782
2556 1594 1546
1234 1323 1470
5341 1406 1813
4641 1479 1809
3745 1541 1834
4043 1423 1487
74 1465 1492
844 1584 1813
1936 1529 1844
433 1452 1485
4426 1270 1494
4375 1047 1511
2272 1505 1504
5991 1519 1751
5360 1483 1759
1182 1231 1593
4083 1456 1489
5843 1436 1870
39 1277 1661
3778 1531 1841
2684 1483 1498
1443 1584 1612
4160 1589 1612
5411 1545 1840
4383 1554 1503
3462 1424 1869
2863 1647 1626
1077 1475 1490
1954 1478 1818
5552 1658 1632
4355 1402 1826
5059 1594 1550
5410 970 1711
4975 1440 1494
2197 1433 1492
6151 1461 1805
5539 1635 1718
5175 1558 1501
4982 1464 1489
3173 1670 1698
4372 1598 1554
5680 1451 1487
1363 1280 1635
4960 1584 1628
304 1678 1674
5086 1072 1509
3614 1601 1590
448 1290 1671
5992 1563 1503
493 1611 1610
1748 1442 1830
2941 1598 1581
692 1408 1465
2269 1429 1491
2153 1641 1726
2756 1469 1865
2583 1626 1740
1927 1509 1506
3761 1014 1514
4287 1116 1530
1098 1531 1768
1890 1600 1586
2460 1597 1566
1526 1498 1816
5459 1540 1773
5012 1537 1837
4719 1598 1809
3719 1468 1863
2923 1491 1497
2626 1453 1826
3738 965 1690
2711 962 1590
2904 1510 1832
2977 1564 1509
2143 1468 1835
1731 1680 1666
1402 1667 1633
5746 1462 1823
593 1434 1886
2136 1147 1531
1115 1561 1494
2521 1585 1623
6082 1679 1684
2486 1174 1556
5837 1521 1832
3429 1599 1586
2001 1679 1687
5817 1564 1510
5951 1645 1630
3970 1259 1695
591 1087 1519
2198 1328 1461
5019 1567 1515
3206 1633 1769
4562 1431 1852
4578 1571 1507
1929 1575 1508
1843 973 1592
3908 1550 1498
4187 1673 1650
84 1047 1517
1258 1409 1836
3278 1583 1821
4042 1657 1629
438 1577 1822
504 1235 1663
2182 1588 1556
185 1540 1771
4585 1479 1861
3529 1674 1689
5968 1588 1604
5404 1091 1530
4813 1507 1823
4643 1596 1806
3705 1574 1512
4761 1434 1496
1027 1446 1852
4772 1464 1867
3780 1515 1827
5646 1479 1825
3500 1440 1825
2936 1422 1820
3585 1666 1636
389 1380 1810
2469 1005 1528
2810 1414 1473
2052 1400 1466
3710 1591 1560
225 1581 1525
5679 1405 1463
3528 1683 1664
4103 1564 1503
2464 1494 1818
770 1514 1759
5682 1287 1637
5821 1156 1533
5277 1309 1763
4379 1463 1785
5149 1608 1614
5637 992 1565
5041 1557 1504
3303 1480 1833
4060 1449 1888
4177 1533 1831
4614 1549 1837
2813 1531 1489
2316 1659 1709
2175 1559 1500
2483 1671 1647
3308 1609 1617
2412 1619 1758
557 1470 1490
1785 1616 1757
583 1666 1635
2388 1437 1863
4976 1569 1511
3008 1535 1841
4334 1528 1772
1070 1462 1807
3915 1626 1736
6208 1683 1663
754 1591 1813
4109 1598 1583
3628 1468 1859
6220 1470 1830
4994 1684 1648
5627 1678 1673
3305 1569 1826
4620 1442 1855
5188 1620 1621
3894 1492 1810
1172 1591 1598
496 1035 1498
4820 1589 1561
3253 1659 1630
3827 1603 1590
3928 1534 1803
3392 1672 1651
4118 1442 1886
1018 1664 1704
1153 1275 1635
2792 1684 1665
5393 1585 1600
2796 1674 1677
4013 1587 1811
1246 1614 1765
4665 1602 1556
5413 1258 1700
3743 1389 1464
6011 1463 1869
3988 1552 1842
3205 950 1683
5761 1051 1500
5970 1597 1619
2125 1573 1502
2839 1300 1471
4776 1692 1657
890 1697 1676
4259 1237 1522
4582 1590 1521
422 1650 1618
4543 1680 1632
190 1676 1631
4733 1608 1551
3742 1537 1859
5690 1634 1602
3978 1505 1490
4067 1684 1701
2578 1542 1869
2806 1538 1484
1365 1632 1608
3093 1418 1462
1702 1577 1489
87 1613 1596
3255 1676 1634
1332 1604 1603
6239 1628 1614
1029 1062 1500
3641 1596 1525
3857 1616 1604
5906 960 1576
1020 1440 1473
4621 1412 1452
1091 1603 1550
5860 1613 1561
4697 1341 1448
6054 1579 1512
2978 1524 1482
2938 1099 1516
4091 1354 1447
3361 1018 1499
698 1520 1855
2859 1607 1549
5795 1636 1604
4056 1409 1453
1947 1673 1635
5854 1437 1474
5339 1371 1810
1469 1394 1892
4986 1485 1490
2428 1700 1673
972 1109 1520
3270 1380 1870
4967 1475 1481
140 1642 1736
5802 1495 1493
5070 931 1634
2075 1500 1773
4660 1594 1537
4468 1147 1512
5148 1305 1475
1912 1217 1552
2758 1069 1507
3877 1198 1552
2744 1029 1498
2122 1478 1488
5929 1612 1577
3490 1673 1634
5779 936 1579
1797 1472 1779
5183 1364 1446
1049 1585 1515
4922 1502 1493
3718 1385 1849
193 1690 1679
899 993 1525
4891 1691 1640
1802 1519 1820
3033 973 1539
3841 1581 1508
144 1245 1506
5863 1154 1520
5709 1153 1514
4858 1688 1698
5525 1604 1534
828 950 1567
975 997 1735
2319 1512 1771
3452 1462 1484
174 1658 1622
3582 1421 1469
3980 1646 1611
1360 1610 1807
3897 1247 1508
845 1686 1648
2476 1615 1597
4073 1200 1550
4041 1696 1688
491 1600 1536
4695 1618 1562
1385 1481 1777
2422 1524 1486
2115 1608 1605
5788 1607 1590
5215 1298 1479
1527 1627 1759
4717 1607 1601
5118 1657 1619
361 1119 1526
197 1558 1487
4277 1275 1484
5434 937 1601
486 1594 1528
5566 1645 1731
5369 1573 1495
1762 1207 1550
4789 1635 1611
5671 963 1561
1425 1417 1464
1576 1498 1488
1781 1494 1764
306 1175 1530
6128 1626 1758
4580 1424 1916
1949 1605 1613
3 1467 1789
2707 1486 1777
5580 1599 1604
1904 1693 1664
1689 1442 1904
2619 1253 1502
3116 1424 1474
249 1603 1549
3256 1609 1564
2208 1660 1622
5187 1406 1460
4912 1284 1477
4456 1594 1534
510 1457 1481
2909 1239 1519
4092 1677 1700
2809 1422 1479
1986 1516 1481
1383 1499 1493
5995 1573 1501
5923 1621 1576
3145 1686 1660
1568 1644 1612
2743 1401 1452
3775 935 1633
1260 1512 1497
2891 1382 1884
3007 1627 1608
4683 1587 1517
2034 1691 1660
4704 1433 1470
3420 1535 1862
2186 1530 1793
5254 1458 1907
5942 1607 1611
4421 1338 1445
700 1616 1569
960 935 1623
4438 977 1565
4384 1621 1787
3740 1688 1691
3647 1630 1617
3089 1600 1618
1418 1617 1580
2731 1495 1489
6194 1546 1864
131 1440 1472
268 1497 1486
2310 1644 1730
3836 1551 1846
2568 1637 1617
4915 1230 1535
4611 1542 1489
822 1669 1623
3712 1676 1639
3594 1479 1483
2735 1686 1645
2846 1577 1500
2148 1458 1482
5530 1398 1893
4749 1512 1491
5867 1531 1787
1719 1483 1761
6155 1379 1865
1067 1434 1478
105 1478 1790
1653 1661 1621
4907 1358 1451
3723 1575 1485
554 1671 1709
1193 1551 1485
5819 929 1618
5847 1538 1861
743 1473 1771
556 1616 1579
5043 1298 1480
861 1622 1762
4307 1004 1510
2380 927 1607
1097 923 1599
3347 1625 1785
3373 1449 1474
421 1604 1596
5950 1671 1710
2285 1688 1651
5941 965 1562
314 1389 1859
4827 1168 1531
5332 1645 1741
4514 1675 1639
717 1483 1482
3099 1608 1809
2344 1546 1856
4359 1668 1630
4568 1619 1563
6098 1676 1626
4609 1583 1506
5354 1408 1460
35 1285 1760
1852 1223 1539
3703 1481 1486
5405 1296 1477
5771 1522 1785
3773 1524 1778
4306 1536 1485
4480 1414 1461
4142 1197 1543
4780 1607 1812
5169 1693 1652
4574 1700 1678
736 1550 1485
587 1551 1489
797 1528 1488
2890 1429 1473
2250 1539 1484
2307 1355 1809
1507 1582 1495
3587 1258 1497
1978 1518 1788
541 1673 1624
1247 1547 1860
6016 1687 1681
5438 1382 1824
408 1219 1549
918 1517 1810
1563 1688 1679
469 1089 1509
767 927 1618
2708 1595 1820
5600 1690 1667
5014 1511 1779
4554 1641 1622
5905 1610 1585
2089 1632 1610
4730 1568 1835
1554 1444 1471
343 1611 1554
659 1419 1468
5774 1527 1483
1224 996 1525
5880 1476 1766
4305 1610 1591
4144 1585 1822
3993 1692 1682
5397 1545 1485
5373 1520 1770
2223 1354 1450
1116 1006 1511
4147 1558 1851
2117 968 1544
206 1397 1452
5786 1529 1858
2384 1652 1625
1502 1243 1508
1377 1290 1479
872 1626 1596
4721 1529 1485
61 981 1549
2579 939 1641
5392 1488 1483
911 1450 1481
5226 1603 1809
733 947 1672
1763 1469 1486
2382 1679 1640
362 1525 1774
1132 1474 1485
2570 1651 1616
888 1487 1490
3371 1276 1479
3638 1369 1807
1076 1616 1794
971 1300 1472
990 1687 1641
1259 1579 1829
4113 1231 1542
4204 1596 1533
5971 1625 1596
3085 1450 1482
2761 1602 1601
5308 1595 1615
5381 1430 1477
6156 1670 1634
4527 1476 1482
2487 1463 1478
3476 1662 1630
326 1600 1816
2076 1618 1582
3933 1523 1818
2218 1637 1619
1509 983 1562
2023 1642 1739
5055 1477 1481
2297 945 1662
1506 1577 1508
3818 994 1525
2478 1451 1481
1833 1585 1508
5402 1587 1521
2063 1631 1604
1428 1496 1491
3966 1359 1440
3505 1516 1776
590 1637 1739
509 1689 1686
3566 1523 1486
3457 1627 1782
381 1400 1896
5704 1581 1517
4080 1505 1497
4521 1619 1793
2232 1499 1490
339 1685 1689
3251 1549 1486
5090 1459 1478
4149 1691 1652
1960 1634 1608
2942 1591 1530
1012 1641 1617
6147 1689 1692
5406 1624 1610
5801 1678 1639
3496 1625 1604
2886 1345 1450
2660 995 1523
1680 1575 1489
5651 947 1663
3412 1379 1844
3977 1666 1712
6255 1371 1449
5513 1575 1830
2488 1428 1468
5071 1480 1779
5642 1468 1791
951 1447 1473
4140 1458 1481
2459 1698 1683
2082 1360 1807
1072 1690 1672
3316 1601 1544
384 1500 1487
5595 1504 1769
3368 1574 1833
5192 1460 1484
1191 1611 1590
299 1615 1795
2466 1617 1559
6012 1033 1493
2472 1012 1511
1903 1463 1484
2554 1576 1498
5128 1418 1463
5842 1646 1735
358 1350 1443
2834 1556 1483
6122 1472 1786
2212 1650 1624
3551 1649 1732
4544 1468 1485
2919 1402 1443
2763 1359 1444
4797 1645 1740
3887 1632 1616
4005 1586 1505
1152 1666 1630
3078 1686 1659
3345 1615 1584
241 1407 1450
1127 1331 1453
3314 1642 1618
3160 1514 1496
3562 1628 1595
3609 936 1607
4928 1522 1862
3044 977 1559
233 1520 1778
5587 926 1600
709 1484 1764
5079 1481 1788
2 1414 1467
402 1619 1581
3722 1303 1476
188 1363 1450
4677 1370 1445
5150 1473 1895
4387 977 1554
3265 1530 1860
37 1405 1459
1921 1454 1906
1209 1648 1733
2262 1625 1765
516 1686 1685
638 1482 1767
3676 1568 1490
3899 1601 1549
3377 1615 1603
1063 1633 1772
3709 1278 1479
5471 1671 1625
3795 1625 1601
4500 1628 1597
3224 1433 1472
443 1379 1867
5101 1551 1856
3430 1365 1451
3097 1633 1604
307 1666 1621
2096 1399 1447
5174 1597 1611
2099 1667 1714
4208 1407 1460
4154 1594 1819
737 1358 1441
3882 1006 1509
5608 1532 1783
4591 1438 1480
4657 1694 1669
5734 1650 1723
5366 1612 1561
3465 1471 1905
5209 1184 1540
1891 1604 1613
4055 1494 1759
3397 1591 1525
4081 1502 1492
1899 1651 1623
4688 1687 1637
2947 1399 1889
1807 1668 1627
807 1591 1532
3109 1602 1597
166 1679 1627
1932 1400 1892
5326 1694 1665
5814 1679 1632
788 1684 1631
1670 1440 1474
5295 1534 1486
4283 1673 1706
2760 1620 1587
3873 1544 1795
2787 936 1580
4123 1235 1526
5152 1502 1764
5461 1615 1580
6203 1571 1844
3690 1693 1674
1346 1620 1604
441 1361 1448
4559 1667 1709
119 1664 1715
5024 1671 1628
4929 1371 1452
4745 1519 1819
524 1222 1554
5324 1633 1605
5022 1477 1771
5683 1346 1443
4767 1686 1700
4098 1635 1746
3013 1513 1811
2432 1594 1530
3840 1023 1501
444 1516 1773
3336 1670 1624
2696 1430 1470
3426 1656 1718
1692 1655 1624
2824 1229 1535
2409 1692 1681
2244 1562 1850
928 1491 1493
2289 1661 1629
3225 1599 1613
5955 1622 1609
4095 1590 1530
1693 1341 1788
2837 1627 1757
2086 1150 1514
3555 1580 1495
1478 1580 1511
2610 980 1543
3584 1525 1483
5297 1597 1615
2242 1409 1464
2762 1565 1487
2544 1695 1676
3363 1366 1815
5427 1543 1483
3349 1264 1487
5460 1687 1699
1053 1358 1442
5473 1690 1670
4992 1582 1826
3576 1519 1484
968 1152 1516
5695 1601 1817
387 1538 1792
5486 1599 1813
1338 1657 1626
6213 1241 1509
4702 1671 1634
456 1144 1516
1945 1155 1518
340 1683 1703
1845 1509 1758
4501 1466 1787
3800 1505 1493
2354 1567 1496
837 1453 1477
2095 1498 1772
3956 1398 1448
25 1254 1494
3120 1470 1900
1711 1681 1703
3433 1451 1901
4475 1584 1515
4308 1611 1583
3378 1614 1562
6174 1603 1603
6111 1616 1800
1222 1690 1642
146 1691 1678
1540 1354 1441
3165 1694 1641
802 1632 1743
4235 1604 1609
1651 1467 1485
555 1596 1538
1516 975 1543
4785 1669 1631
1210 1642 1749
1884 1590 1819
729 1486 1894
2816 1412 1458
2950 1695 1667
1125 1234 1528
5770 1568 1494
935 1612 1604
4985 1654 1718
4670 1234 1532
943 1658 1617
2072 1671 1624
6253 1581 1514
4320 1477 1894
850 1492 1494
3214 1272 1481
980 1641 1609
5889 1377 1449
2020 1596 1617
3171 1101 1521
683 1699 1677
2214 1535 1860
6105 1590 1522
600 1060 1501
4354 1676 1703
1294 1023 1499
956 1602 1536
5084 1464 1793
1582 1428 1475
3981 1660 1629
2676 1611 1605
2195 1578 1509
6251 1617 1576
2114 1682 1698
1596 963 1712
3822 1527 1778
4353 1682 1701
3285 1691 1662
3898 1508 1767
3924 1681 1641
4297 1633 1745
996 1515 1497
2202 1440 1475
2420 1592 1826
5274 1402 1449
4200 1430 1472
2699 1611 1543
3032 1700 1685
2987 1550 1878
1752 987 1751
4216 1614 1531
2492 1342 1439
3727 1304 1453
969 1571 1855
1393 1632 1565
1678 1625 1572
5926 1648 1585
4910 1089 1500
3053 1102 1511
779 1712 1678
2817 1621 1795
5356 1478 1917
2252 1627 1586
631 1054 1494
5825 1499 1484
4636 1417 1440
840 1644 1580
3527 1335 1437
1017 1691 1623
796 1168 1512
4435 1616 1547
2360 1707 1671
774 1502 1791
3591 1501 1485
4405 1386 1432
2149 1710 1667
2582 1610 1502
4892 1439 1461
5590 985 1529
280 917 1578
2235 1605 1524
3259 1634 1582
316 1585 1478
5223 1372 1889
494 1362 1421
1741 1624 1799
4486 1559 1868
5221 1637 1583
3713 1634 1581
4157 1427 1460
2690 1671 1610
4440 1314 1438
1722 1591 1497
5244 1606 1820
3860 1371 1443
597 1482 1476
4318 1700 1680
2642 1485 1900
2002 1387 1437
1995 1589 1478
1948 1611 1527
5660 1547 1873
5822 1632 1577
3891 1303 1459
2821 1690 1622
2330 1361 1435
4448 1595 1512
1465 1370 1443
5917 1361 1426
2836 1631 1576
4511 920 1579
4917 1266 1467
904 928 1568
1089 1625 1584
4836 1510 1782
2605 876 1590
3187 1570 1481
246 1603 1531
2248 1502 1484
483 1447 1468
5546 919 1576
4768 1567 1481
3264 1698 1637
1268 1563 1480
5138 1276 1463
1976 1645 1748
3644 1617 1806
979 1602 1823
1879 1374 1423
1295 1560 1480
3760 1248 1484
1165 914 1595
4711 1317 1435
2453 1431 1461
3043 1299 1439
2759 1297 1464
987 871 1579
2356 1630 1779
5538 1656 1726
5450 1453 1464
3790 1399 1902
2807 1664 1607
2278 1156 1510
5874 1610 1814
1462 1336 1433
5871 946 1561
2612 1471 1475
3607 1616 1808
5157 1641 1598
6131 1036 1483
2450 1241 1503
2194 1652 1608
4615 1614 1513
1501 1601 1514
2577 1379 1437
977 1673 1719
2113 1502 1475
563 1655 1733
3102 1537 1867
5200 1631 1575
3319 1637 1596
4194 1002 1509
4931 1441 1468
3848 1255 1485
889 1634 1569
644 1295 1447
214 975 1548
5439 1677 1608
896 1709 1659
507 1645 1583
5928 1459 1472
1232 1672 1609
4560 1334 1799
3995 1341 1434
6072 1373 1420
6190 1306 1437
1405 1518 1794
3967 1624 1573
2628 1392 1439
3985 1468 1469
5707 1574 1845
3965 903 1584
1963 1689 1619
5468 1567 1856
1882 1368 1440
4602 1427 1918
5796 1706 1673
3244 1662 1617
4097 1681 1617
2795 1517 1871
5107 1679 1618
1865 1444 1470
836 1590 1498
4793 1694 1640
3879 1371 1423
1286 1708 1659
3286 1586 1483
820 919 1553
5085 1326 1435
3711 1486 1912
243 922 1626
3087 1655 1736
4503 1494 1482
1876 1654 1612
883 1564 1864
1375 1479 1478
2327 1498 1476
3990 1705 1667
3000 1695 1627
2045 1281 1459
5869 1613 1522
1296 1508 1485
5136 1709 1681
5095 1362 1434
5948 1558 1857
377 1304 1462
297 1703 1635
0 1302 1462
3805 1588 1834
3114 1311 1454
3071 1705 1653
4261 1636 1574
5130 1626 1559
821 1645 1591
711 1666 1726
891 1614 1522
3621 1674 1619
2867 1503 1476
544 1576 1843
1379 1570 1864
1801 1645 1750
5002 1296 1462
2389 976 1534
2079 1405 1445
4784 1558 1474
3504 1617 1543
6055 1688 1623
5866 1644 1761
578 1562 1857
5230 1387 1447
5477 1316 1437
1705 1689 1627
3011 875 1593
1710 1685 1614
1300 1499 1892
913 1570 1484
3194 1562 1475
942 1623 1554
2341 1697 1654
5811 1411 1439
22 1325 1446
1739 1249 1496
4402 1232 1506
1025 1379 1434
3369 1624 1567
5210 1580 1479
1004 1646 1605
1000 1601 1827
1842 1233 1512
492 1607 1535
5980 1308 1442
1510 957 1556
4826 1162 1517
1243 1670 1613
1394 1708 1679
4406 1520 1472
4076 1695 1696
3135 1303 1465
868 1317 1461
6244 1323 1446
5394 1242 1502
684 1299 1452
2312 1626 1577
4010 1152 1505
719 1700 1657
6232 1322 1442
4186 1592 1482
522 1617 1546
224 1233 1510
3695 1637 1747
192 1365 1430
3997 1285 1452
5098 1560 1483
3022 1508 1479
14 1433 1458
5056 1673 1608
5983 1572 1480
5717 1479 1479
4588 872 1590
399 1692 1629
1094 1616 1553
3040 1616 1494
1700 1698 1629
5767 1639 1768
2177 1488 1793
3291 1319 1457
54 1641 1765
2286 1317 1440
2071 1620 1562
4333 1358 1432
5907 939 1675
3957 1368 1427
1476 1387 1445
3763 1612 1497
1288 1298 1461
3113 1168 1515
2855 1517 1796
2662 1620 1595
50 1634 1754
4466 1559 1869
4288 1631 1584
5622 1601 1515
4184 1334 1442
5899 1644 1605
3144 1614 1492
5676 1672 1619
3765 1365 1437
6200 1483 1914
2991 1381 1432
4323 1559 1477
2602 1547 1480
4337 1697 1635
5104 1637 1584
3235 1418 1450
5754 1479 1912
6045 1623 1589
3645 1294 1468
2151 1696 1641
3546 1691 1705
1873 933 1560
5908 1666 1614
4737 1595 1520
2585 1163 1511
3201 1629 1790
15 1650 1593
5669 1442 1461
3139 1234 1504
4063 1533 1474
6118 1544 1473
4923 1366 1418
3212 1320 1458
2171 1408 1443
4215 1388 1435
1590 1672 1604
1326 1695 1625
2865 1465 1911
4029 1708 1666
1688 1700 1654
1241 1372 1444
5526 1708 1658
1784 1697 1690
5805 1108 1514
1671 1558 1476
479 958 1725
2284 1701 1668
186 1593 1518
5196 1709 1665
5840 1477 1908
1129 1702 1650
204 1385 1430
2147 1565 1869
4667 1659 1728
3001 1685 1712
2421 1596 1516
2489 1284 1464
2803 1398 1904
2473 1527 1474
5939 1366 1416
4974 1499 1482
3181 1655 1610
3542 1626 1554
1915 1640 1583
1390 1638 1747
3124 1624 1572
269 920 1567
4633 1305 1456
6000 919 1600
4904 1497 1478
6080 1613 1550
5293 1068 1488
5428 1615 1538
5333 1614 1528
2121 1091 1505
6033 1686 1618
1505 1411 1437
1614 1688 1617
2027 1562 1856
5744 1664 1616
4000 1375 1441
6234 1317 1460
85 1614 1510
1253 1327 1441
1340 1610 1539
3075 1373 1438
5594 1311 1456
4256 990 1515
4769 1694 1694
4842 1591 1503
755 907 1593
4589 1597 1832
4100 1551 1869
5562 1272 1472
2689 1646 1585
2334 881 1583
5677 1690 1629
5064 1611 1523
1131 1507 1484
1334 1562 1481
6010 1591 1479
5900 1424 1463
3895 1657 1606
3098 1489 1778
5054 1036 1487
3829 1521 1873
1895 1641 1600
5875 1535 1476
2843 1660 1731
2127 1706 1676
5389 1617 1550
3734 1609 1530
4540 1552 1879
2778 1685 1704
5816 1329 1434
5275 1489 1897
3941 1663 1727
4301 1248 1491
3182 1674 1621
2093 1531 1478
5374 1360 1419
168 1556 1859
5756 1223 1524
3640 1249 1490
2124 1413 1436
6088 1646 1586
2028 1332 1434
423 1495 1792
6216 1427 1465
3086 1508 1489
749 1525 1475
838 1274 1473
4199 1603 1522
4613 1613 1506
4139 1321 1440
1668 1449 1469
4723 1353 1436
2592 1596 1832
2253 1310 1461
200 1602 1519
2639 1661 1725
1987 1597 1509
4347 1308 1456
2029 1570 1853
5467 1687 1630
3186 1055 1492
49 1653 1593
6063 913 1581
5844 1614 1535
3910 1628 1786
4808 1486 1793
6246 1531 1873
1057 1091 1506
1279 1301 1464
1052 916 1560
2530 1374 1864
3693 1539 1879
1148 1601 1518
1983 1693 1698
6081 1598 1522
680 1164 1518
2992 1552 1482
5909 1024 1797
2368 1301 1449
2523 1549 1878
2564 1079 1496
5495 1600 1512
1896 1644 1589
3356 1460 1471
1580 1507 1481
1555 992 1515
3503 1343 1805
5312 1234 1515
3665 1355 1834
1065 1406 1922
708 1534 1473
4811 937 1660
3680 1391 1443
5282 1595 1516
2376 955 1544
5773 969 1537
1282 1585 1493
2349 1658 1601
1679 1585 1492
6024 1647 1586
2960 1586 1491
5408 1324 1435
2414 1579 1852
5849 1558 1479
4202 1623 1796
4519 1285 1471
4275 1651 1738
5492 1275 1458
2737 1467 1474
320 1090 1497
2009 1383 1428
3512 954 1542
5698 1651 1609
653 908 1597
5415 1378 1877
5452 1299 1459
3518 1435 1464
3781 1239 1509
2729 1526 1473
5249 1120 1517
2893 1523 1884
5621 1244 1494
3681 1379 1897
3404 1352 1436
5730 1454 1473
4927 1678 1621
1608 1079 1498
127 1612 1531
660 1707 1676
5927 1014 1493
3670 1645 1593
1649 1682 1709
1056 1622 1592
5443 1589 1483
3764 1310 1437
6198 1614 1810
4053 1584 1486
2812 1502 1796
1382 1616 1540
5688 1364 1420
907 1634 1568
3838 1675 1710
5074 1592 1491
4104 1680 1626
5103 1070 1490
4151 1014 1500
4282 1655 1605
4755 1177 1520
3210 1484 1477
4700 1625 1554
1487 1711 1675
2502 1645 1594
1032 1545 1481
2983 1648 1587
940 1704 1674
1434 1554 1478
4908 1499 1781
2041 1304 1452
1795 1535 1474
1860 1298 1440
3130 1242 1497
3929 1046 1482
5703 1625 1557
5502 1625 1575
3553 1644 1751
6182 1653 1610
3357 1369 1433
407 1272 1468
4129 1533 1867
5511 1495 1484
3142 1015 1494
1490 937 1649
3449 1619 1562
2337 1382 1444
4429 1581 1477
2594 1677 1709
2328 1626 1574
6204 1342 1438
2780 1644 1581
6112 1522 1479
2436 1582 1477
3474 1283 1458
5570 1376 1428
4652 1606 1531
110 1704 1650
2077 1448 1462
3327 1298 1442
5573 1316 1453
139 1375 1424
3832 1320 1439
5655 1671 1609
379 1521 1476
5199 1704 1666
6041 1460 1916
3384 947 1684
2026 1273 1462
4340 1378 1880
3432 1313 1436
5783 1638 1595
1605 1631 1569
3886 1537 1877
2655 1600 1528
2557 1694 1692
4155 950 1540
1283 1581 1484
3110 1704 1669
176 1492 1788
2720 1593 1513
4229 1476 1475
2295 1319 1441
4038 1627 1572
2775 1612 1523
533 1624 1577
4483 1615 1491
6052 1513 1490
4934 1597 1523
3932 1187 1527
2406 1612 1519
6225 1530 1475
2128 1620 1552
2234 1168 1516
4694 1626 1792
346 1698 1633
4979 1431 1465
1817 1627 1788
3724 1063 1494
588 1650 1739
4968 1632 1782
3769 1621 1590
5605 1586 1840
3057 1610 1508
5998 950 1536
2293 1704 1688
5631 1641 1602
5960 1595 1499
6250 1193 1533
740 924 1565
5549 1530 1479
62 1712 1676
4830 1591 1485
4071 1601 1525
3301 1624 1590
5256 1589 1507
1615 1486 1479
3306 1697 1699
2911 1611 1521
5305 1188 1536
324 1703 1648
489 1641 1587
2192 1699 1635
4576 1102 1513
562 1572 1856
2385 1708 1657
33 945 1691
2065 1253 1487
5994 1611 1494
5578 1339 1438
5612 1696 1648
2988 1510 1487
2120 1709 1664
5572 1199 1534
2712 1640 1585
4069 1647 1751
345 1586 1479
1106 1693 1624
4397 1610 1531
3289 1369 1875
3074 1358 1430
702 1593 1508
4309 1612 1492
1943 1373 1424
4214 1698 1632
4709 1584 1840
2748 1488 1903
4835 1589 1839
1047 1398 1903
3360 1688 1707
876 1650 1596
5359 1631 1587
5607 1630 1584
5674 1700 1659
3052 1706 1684
1239 1364 1439
3164 1625 1568
4883 1624 1582
1196 947 1565
3419 1592 1481
5160 1271 1459
4172 1613 1515
2671 983 1521
596 1605 1533
2596 1665 1611
2367 1591 1496
2183 1317 1441
1798 1314 1789
211 1472 1476
6030 1602 1827
5007 1076 1499
2351 1494 1477
4513 1660 1728
738 1693 1627
4882 871 1580
5896 1102 1509
3509 1305 1437
282 1299 1455
4597 1602 1528
157 1524 1480
2497 929 1572
2910 1354 1428
2220 1697 1657
1352 1385 1442
4022 1642 1584
3189 1558 1864
3156 1678 1609
2394 1316 1447
2558 1633 1566
4357 899 1578
126 1625 1795
6004 1627 1568
1287 1613 1513
5214 1367 1868
6008 917 1605
2104 1618 1546
3937 1464 1472
5670 1524 1479
5178 1705 1682
495 1657 1612
1953 1639 1747
2435 1163 1515
2914 909 1595
5603 1635 1761
2230 1366 1441
23 1565 1478
5930 1594 1494
1198 1587 1484
1594 1647 1590
5635 1452 1922
3559 1490 1479
2781 901 1584
2576 1660 1724
2969 1607 1818
4265 1640 1580
3046 1686 1626
371 1375 1426
4841 1519 1475
1637 1544 1876
4389 1620 1805
5260 1675 1714
3302 1693 1626
6057 1627 1583
1366 1316 1464
530 1572 1865
5848 1565 1854
6138 1500 1482
4687 1549 1475
2884 1687 1707
2957 1581 1487
2176 1304 1451
1875 1470 1478
1744 1705 1660
2508 1590 1832
3523 1393 1904
288 1327 1436
4625 1622 1548
5850 1554 1477
5701 1590 1483
1920 1486 1481
5918 1646 1589
1944 1573 1858
5946 1003 1507
2205 1279 1457
4756 1442 1468
55 1673 1713
1307 1614 1807
4939 1059 1490
3485 1619 1807
2873 1637 1595
4996 1500 1480
6006 1642 1578
2016 1374 1446
2431 931 1542
2666 1542 1473
614 956 1558
3082 1220 1522
4814 1631 1577
1397 1603 1520
4523 1613 1546
2993 1679 1619
1946 1226 1529
4715 1277 1465
5925 1333 1444
13 921 1553
3909 1574 1482
2283 1693 1701
2686 1572 1477
4529 1682 1705
4954 1644 1747
4627 1569 1479
629 1461 1474
5524 1525 1869
1993 1502 1483
759 1511 1794
5512 1307 1464
4245 1696 1642
5565 1568 1852
3428 1377 1442
1769 1382 1431
5238 1505 1484
3635 1350 1429
4001 1398 1436
4116 1646 1576
4246 1335 1413
2442 930 1557
4004 919 1631
3297 1223 1509
3639 1276 1450
570 1645 1765
3785 1257 1466
1064 1538 1468
1701 1053 1482
1808 1715 1672
310 1616 1522
2764 1343 1418
3266 1668 1600
5657 1421 1426
2054 1330 1409
2953 1710 1635
2861 1675 1591
864 1113 1510
3407 1034 1479
6090 1632 1550
5153 1466 1468
884 1594 1477
2989 1704 1696
3243 1587 1467
5653 1691 1603
309 1583 1472
776 1622 1505
2590 1639 1565
4278 1615 1512
1108 1381 1421
3155 1177 1511
3783 1465 1460
1796 1706 1636
129 1606 1503
219 1688 1606
3947 1711 1658
1271 1612 1822
2831 871 1562
3158 1209 1517
6046 1725 1676
4539 917 1652
2822 1693 1613
3945 1431 1456
4583 1669 1571
2331 1618 1524
3799 1492 1912
5958 1700 1624
150 1544 1893
2416 1402 1441
4119 1431 1450
5077 1598 1490
92 1380 1423
1337 1390 1416
338 1697 1609
1460 1355 1825
6158 1709 1626
4682 908 1606
205 1683 1610
5885 1347 1839
519 1113 1513
944 1644 1566
5421 897 1563
356 1599 1508
4011 1705 1693
2540 1447 1455
6036 1026 1485
2499 1657 1746
1632 1627 1554
3971 1532 1470
2158 1343 1433
4790 1420 1427
40 1551 1468
2134 1549 1460
641 1678 1721
3288 1257 1464
930 1711 1630
1691 1634 1796
397 1537 1462
2514 1326 1411
6015 1695 1621
1474 936 1547
4601 1655 1574
3015 1472 1467
1324 1412 1432
4453 1400 1429
4650 1596 1475
4090 1330 1410
2574 1484 1466
4181 871 1560
694 1553 1468
4502 1601 1486
1316 1688 1601
875 1569 1883
5484 884 1577
1991 1535 1892
1107 1674 1587
5399 1333 1809
5092 1673 1729
697 1656 1747
2267 1325 1422
4059 1640 1763
4132 858 1603
1713 1590 1474
2274 1696 1712
2463 1692 1613
1482 1618 1531
2101 1570 1870
3868 1469 1462
1942 1616 1530
3520 1550 1887
2956 1687 1719
2240 1668 1572
2271 1676 1720
4684 1619 1518
3684 1609 1516
5184 1289 1438
5403 1576 1468
5350 1640 1781
2110 1669 1575
2006 1186 1517
4932 1335 1420
1854 892 1581
3064 1623 1498
4106 1384 1415
2444 1463 1927
936 1556 1470
5233 1660 1577
5337 1630 1557
1373 1290 1443
1498 1697 1619
579 1191 1515
577 1705 1704
5718 1347 1429
3119 1630 1795
4276 1351 1419
1867 1370 1412
5218 1339 1814
3337 1664 1566
2603 1606 1514
1980 1360 1410
859 1574 1463
4352 1244 1481
3129 1361 1398
5510 897 1574
4666 1659 1596
1698 1626 1495
506 1331 1407
178 1698 1609
898 1389 1432
1189 1324 1430
3999 1658 1742
3034 1557 1463
5121 1683 1611
4366 1306 1433
1520 1352 1411
3084 1483 1467
1493 1286 1439
1950 1193 1515
6143 1726 1666
5009 1704 1617
6108 922 1681
514 1583 1459
4460 1543 1463
6096 1572 1875
1791 1645 1563
1343 908 1551
2823 1416 1437
3257 1520 1465
5857 1524 1464
1513 1480 1466
3845 1615 1526
1080 872 1563
3179 1603 1505
16 1526 1895
2899 1710 1693
5126 1624 1809
57 934 1535
1573 1546 1463
5416 1702 1631
3732 1536 1469
36 1379 1407
5151 930 1689
5290 1537 1894
3215 1057 1486
5163 1707 1634
2119 1601 1485
2916 1465 1458
2417 1637 1563
3596 1407 1932
5053 1518 1467
3633 1087 1486
1479 1120 1513
3578 1084 1487
1864 1530 1889
630 1657 1564
6137 1417 1436
1230 1481 1465
6136 1507 1471
3296 1530 1465
1051 1135 1513
2623 1225 1504
4505 1090 1489
4382 1342 1419
4349 1582 1857
1503 1675 1724
1313 1682 1722
5505 1241 1479
2051 1563 1468
2876 1276 1441
1336 1560 1464
424 1702 1616
3168 1696 1708
3090 1375 1412
5383 1691 1608
5694 887 1556
1304 1478 1471
2736 1473 1464
3042 1694 1619
5003 932 1555
3487 1509 1466
1216 1363 1399
6064 1578 1457
1380 1339 1433
2372 1722 1668
2106 1596 1488
1648 1616 1526
2215 1664 1598
3605 1603 1502
111 1723 1676
1547 1349 1415
2281 1288 1431
5687 1583 1864
5482 1653 1583
1005 1491 1473
4250 1635 1558
1009 942 1705
1110 1562 1468
5940 1694 1705
1532 1446 1456
3786 1695 1707
1970 1699 1706
3603 1686 1600
5957 1404 1918
1328 1107 1509
3024 1690 1617
5426 1670 1723
5518 1668 1725
20 1712 1645
4999 1173 1508
3095 1625 1540
2900 906 1624
2874 1663 1733
863 1605 1503
2746 1487 1467
5861 1672 1584
1574 1646 1567
1088 1530 1464
3263 1652 1747
5398 1632 1549
5898 1696 1621
5799 1203 1522
6240 1392 1429
3748 1098 1491
5882 1725 1677
1592 1589 1853
75 1591 1852
1914 1342 1421
5197 1567 1468
2107 1593 1462
1931 1407 1435
671 947 1533
2159 1469 1467
3533 895 1583
3175 1478 1469
5628 860 1595
4238 1683 1596
6254 1712 1695
3538 1566 1880
333 1056 1480
5576 1049 1481
3012 1490 1468
3581 1667 1567
1227 1327 1409
4130 1716 1647
1102 1098 1495
3290 1603 1496
3115 1715 1690
5563 1643 1564
4469 1296 1438
551 1569 1471
5556 1556 1462
3863 1675 1722
815 1568 1883
6042 1717 1684
6076 1677 1722
1240 1714 1663
5987 1365 1401
2167 1479 1469
3537 1682 1607
93 900 1552
3410 1686 1594
1485 1574 1869
2401 1655 1742
6184 1377 1421
1113 1379 1423
2329 1555 1465
1440 1655 1592
3469 1607 1504
3318 1557 1466
383 1698 1620
5453 1706 1699
2374 1045 1478
6195 1670 1589
4867 1564 1876
255 1368 1408
2090 1723 1677
5168 889 1569
3403 1640 1567
1228 1637 1571
5259 1683 1597
58 1622 1541
2928 1583 1469
5914 1708 1645
4252 1695 1704
5602 1626 1803
1828 1645 1572
3213 1622 1808
4401 1162 1502
1175 1363 1401
5672 1671 1578
4087 1544 1471
451 1526 1887
1133 1708 1690
2350 976 1514
5049 1141 1509
2482 1711 1639
4364 1488 1471
6043 1708 1632
334 1565 1456
2201 1576 1464
6133 1663 1729
4812 1284 1438
5300 1722 1660
3853 1712 1633
3507 1317 1422
4703 1159 1505
4464 1058 1482
1244 1341 1422
2713 1708 1626
1777 1471 1933
5536 1615 1516
5039 1322 1418
2771 1670 1581
2673 1695 1614
3974 1670 1575
2862 1439 1929
5689 1418 1432
3890 1267 1449
3267 1558 1465
866 1625 1808
467 1457 1457
2546 1659 1591
3506 1674 1583
4507 1276 1444
76 1648 1754
6223 1673 1597
5686 1641 1572
