1123
103 1161 1012
106 525 380
349 153 586
108 825 12
535 669 48
368 221 202
669 245 226
1038 525 414
70 158 262
604 1135 777
736 136 419
918 223 695
781 136 443
1103 503 927
1069 245 202
455 826 1096
1072 844 371
163 380 255
799 844 543
987 407 897
1079 868 347
365 802 592
327 1046 380
235 443 897
975 130 328
277 716 454
384 864 563
28 802 552
171 1136 1085
1027 1011 788
151 784 1128
388 33 975
224 581 834
46 625 241
871 636 1120
467 598 1038
1061 1172 456
429 598 1058
802 858 1004
444 277 1118
281 1136 1125
985 904 1004
72 791 358
419 145 957
548 145 911
674 133 586
7 791 326
82 133 566
653 481 949
221 71 421
109 71 395
357 153 566
458 1141 290
558 1082 98
637 180 262
963 690 190
706 622 918
35 267 1008
67 520 248
1036 1002 208
765 593 241
691 555 405
547 1034 1050
289 491 414
203 625 273
68 209 834
117 585 405
1097 41 173
649 953 995
582 1166 394
423 585 375
292 570 510
603 603 937
264 688 667
854 578 1058
418 1002 264
387 834 868
190 780 1050
900 237 978
907 542 510
386 464 248
570 210 738
270 532 764
1087 636 1121
275 930 495
636 728 48
340 834 803
715 464 303
833 235 105
725 348 928
848 42 123
283 1081 98
948 834 867
97 1046 494
343 1044 496
698 289 121
318 435 764
974 858 1049
947 721 1009
950 347 929
949 277 1117
966 954 995
782 430 1091
85 292 928
1104 780 228
543 23 816
361 56 1088
469 55 1197
841 92 702
702 40 752
69 228 1161
254 689 715
335 525 1131
628 947 264
914 381 255
1070 78 871
681 532 763
177 1132 895
1120 483 55
378 1001 208
865 863 500
818 290 454
1094 143 103
955 40 684
170 790 358
307 289 120
693 110 32
14 152 1059
84 945 788
880 594 241
665 152 1027
195 155 702
94 341 1052
989 1122 928
823 965 29
389 279 1118
940 584 919
490 413 623
1078 524 380
363 1121 961
360 192 179
169 191 144
588 909 922
1029 624 273
1050 878 891
1065 907 158
370 977 88
215 157 144
968 1124 615
47 932 381
15 1124 645
463 624 241
1060 156 145
780 1123 614
523 1092 645
513 301 615
421 879 890
899 188 455
596 154 765
514 225 615
86 833 867
409 1136 103
881 763 592
1089 593 242
599 157 180
755 524 414
960 879 922
911 55 1196
196 1044 1140
402 234 11
451 768 804
926 966 28
503 632 190
961 383 458
425 1141 255
1051 443 862
0 690 188
743 129 286
896 1136 1124
445 88 287
607 1135 775
75 1001 1139
253 443 896
557 1096 1124
903 791 357
111 130 287
473 1097 1125
515 442 897
728 129 328
773 428 360
748 436 764
951 1106 290
991 1199 777
936 702 625
800 653 832
250 435 763
437 1141 289
598 585 376
286 923 29
727 556 375
44 56 1197
497 802 553
40 616 533
654 760 326
619 369 623
220 584 405
984 441 213
296 702 533
102 703 624
584 555 404
449 716 455
585 301 321
364 715 454
537 238 1008
12 584 375
58 529 765
1054 791 327
539 616 625
573 555 376
375 160 420
1057 380 299
1074 426 299
1116 225 694
288 826 1094
640 424 301
924 909 89
912 425 300
925 702 624
946 519 303
908 979 157
324 159 419
839 945 855
776 300 615
645 780 1094
927 582 832
708 1133 893
238 244 202
572 844 348
62 867 371
861 213 834
27 233 11
372 1008 994
191 953 993
840 824 12
210 1134 190
740 347 928
810 1135 105
309 466 248
703 780 177
803 736 669
789 947 263
767 569 1130
356 1002 210
200 40 686
957 690 667
32 689 714
204 223 618
54 223 692
687 466 304
657 675 1008
494 381 256
568 222 226
1016 532 761
635 932 494
420 71 420
428 361 49
471 569 510
240 96 395
269 860 421
125 143 911
508 245 203
1035 1036 96
1014 934 381
48 1082 54
152 291 47
22 1037 53
682 858 1048
859 71 396
849 1081 53
176 844 370
747 720 1055
95 1132 846
492 859 1005
741 785 1185
522 1172 458
1052 904 1006
670 145 913
663 160 1088
1064 1084 846
51 1131 895
851 1132 894
267 1131 845
135 738 1124
1 72 421
853 97 420
280 159 443
777 221 225
76 24 816
30 160 442
988 23 869
251 845 371
132 1010 854
460 346 929
236 867 347
852 23 817
836 244 226
754 825 35
156 291 557
333 542 509
589 398 52
239 136 420
717 825 13
60 801 35
813 1174 506
130 290 558
1059 868 370
701 531 762
385 100 912
456 187 557
758 584 920
811 482 927
895 1035 828
965 148 11
367 653 830
332 768 865
602 133 567
39 1056 807
980 603 956
341 1167 392
1100 620 956
81 689 188
310 134 586
730 801 591
205 482 949
141 152 586
1030 688 131
282 153 567
1034 946 211
248 502 927
328 503 948
962 630 187
1110 586 918
1080 152 566
575 134 566
110 924 29
186 978 157
660 621 919
410 618 625
745 786 500
905 1043 1182
892 861 499
1107 1136 713
290 1044 1141
655 1141 256
744 1043 1140
824 700 533
952 1044 1181
531 617 534
234 616 623
756 1136 1087
561 1107 290
986 1199 776
967 1107 254
998 783 425
845 1135 1086
529 1097 1124
882 465 250
564 356 358
672 129 327
680 1137 712
826 1008 941
1114 295 873
618 1006 995
888 1008 993
172 1009 942
87 435 671
96 345 929
611 427 431
794 1034 1069
1058 1096 1123
832 1014 1051
897 1015 1050
29 1033 1050
64 1034 1051
211 1033 1070
185 352 362
34 90 328
774 425 433
158 442 896
123 407 863
1022 1014 1069
921 383 552
247 842 1131
867 598 1039
768 25 870
650 844 562
382 78 817
919 864 544
150 303 691
304 863 543
45 845 543
856 844 544
100 845 563
920 864 562
1109 301 617
648 191 179
942 156 146
164 907 156
616 156 178
956 1134 107
877 157 145
440 92 704
183 801 553
219 585 919
147 863 563
291 603 955
443 975 160
507 669 45
140 32 940
1021 597 1038
124 31 975
796 597 1058
870 598 1057
785 411 624
400 348 926
383 578 1057
997 578 1039
742 1043 493
198 60 1088
366 340 1118
1010 277 1115
17 361 50
476 909 158
580 291 120
801 110 33
772 411 580
496 189 456
120 727 47
454 55 1092
1081 1035 806
181 24 869
729 159 284
923 179 262
1007 179 284
634 995 664
90 180 263
527 232 105
752 158 283
143 228 1163
835 342 277
155 302 321
996 994 665
278 931 664
837 180 283
632 530 214
658 159 262
314 932 605
898 934 603
633 300 319
1019 1034 807
165 229 1162
1002 1056 827
380 1088 929
1091 1120 927
483 879 921
1032 426 258
474 759 328
465 423 434
450 429 1025
559 531 760
77 1094 614
891 1130 845
825 1132 893
982 425 299
822 721 1053
1106 790 327
711 995 663
805 676 1008
1009 901 1050
506 382 300
262 60 1089
821 157 1088
1084 783 1050
237 880 922
869 689 187
486 946 855
302 237 980
475 669 44
217 904 1047
935 789 358
549 759 356
578 189 458
601 825 1094
1056 593 271
938 155 762
326 782 176
846 858 1047
9 790 357
893 1092 616
876 101 956
315 1084 847
526 1123 615
546 690 714
424 733 667
413 232 104
879 686 456
166 623 241
762 491 412
433 1046 489
928 760 357
502 642 1120
571 472 552
26 1036 95
331 151 1029
59 495 1091
978 1039 98
279 1120 961
396 738 1126
553 473 461
1063 183 1029
718 1080 53
66 183 1057
554 95 702
246 210 829
1075 787 500
806 603 1090
540 153 764
820 497 1023
656 910 920
19 570 1174
1037 716 456
885 525 1133
415 1079 52
623 425 257
566 687 483
828 690 668
910 298 695
104 423 255
162 673 1053
1033 625 271
1045 686 482
322 824 1051
858 491 382
398 493 380
945 96 701
536 858 501
311 1010 853
79 524 381
646 101 912
510 719 1055
857 493 414
188 615 621
977 68 537
1102 37 752
775 829 177
700 568 1130
303 995 607
362 265 1008
719 524 413
308 791 356
342 1093 615
268 834 864
757 826 1093
639 91 126
779 1090 927
724 672 47
683 823 1050
972 236 16
563 1124 616
1031 585 403
819 267 1006
416 290 555
592 145 914
620 1042 493
784 1121 960
133 833 865
872 910 892
493 556 376
468 1089 960
797 1124 644
542 292 460
1096 770 804
11 42 125
339 266 1007
394 1122 959
427 689 669
759 342 1115
816 266 979
532 780 1053
1113 555 403
80 909 891
453 238 1007
569 828 176
213 1121 928
933 830 868
101 800 591
844 300 280
678 912 160
675 568 482
478 801 554
538 772 803
173 701 536
953 1198 775
337 1046 487
694 145 16
379 518 250
544 931 387
863 371 623
778 91 328
624 53 314
834 300 318
979 371 581
901 840 1130
119 300 618
187 49 238
1066 225 691
16 764 553
576 297 695
995 925 29
873 543 483
600 66 632
121 303 689
276 297 615
915 532 122
91 782 177
860 780 225
875 227 617
393 97 419
732 543 509
560 1001 1181
222 976 90
138 73 395
878 787 1185
56 542 508
944 1045 489
1053 1136 1122
917 910 158
533 293 121
817 385 460
615 96 420
941 347 876
306 214 740
391 859 499
178 73 421
712 1097 1123
922 1002 1140
23 302 742
753 233 14
462 829 226
466 861 425
209 299 739
581 381 464
808 431 1088
439 72 420
122 936 382
417 1009 943
1043 763 590
43 229 1163
78 787 423
545 441 209
764 344 929
179 784 1182
733 841 1183
890 36 752
399 653 829
297 1170 394
667 37 751
1047 40 688
294 1037 380
505 64 634
426 358 48
432 411 623
194 1099 1085
791 71 397
407 569 509
664 1167 391
913 96 396
258 411 581
249 799 552
351 95 395
447 1043 1181
485 442 122
787 59 1195
1071 570 508
381 930 388
8 191 557
233 465 301
71 358 120
731 467 303
593 1138 775
197 344 318
4 1002 212
696 69 33
686 68 34
127 281 1165
10 1140 777
6 127 328
442 346 927
313 977 157
180 410 624
530 128 287
452 517 303
271 279 1055
750 650 832
541 829 178
376 79 867
350 78 818
643 568 510
245 90 327
737 292 925
316 130 325
916 768 863
884 402 53
404 1039 495
272 58 1194
1073 965 27
265 570 484
42 345 928
299 946 260
344 372 580
651 950 208
113 110 34
684 279 1163
707 569 483
688 1138 254
128 946 791
1046 96 764
504 156 177
243 103 911
348 192 147
647 70 627
1006 1089 959
690 1122 958
904 583 830
771 431 1087
160 142 956
638 934 605
677 1138 290
1108 802 35
1048 36 685
57 522 380
662 649 832
1003 688 711
115 63 634
334 1037 95
721 1139 255
518 1120 960
735 907 154
52 532 757
49 801 14
583 136 441
868 153 763
519 530 211
112 1140 256
207 493 381
520 567 1130
812 31 940
746 1106 256
610 1036 56
550 243 202
709 824 13
1024 1121 929
477 824 35
345 824 1094
63 1139 289
182 1038 54
722 861 426
517 787 1130
788 785 1132
330 190 179
2 825 14
969 138 419
319 586 763
105 190 145
459 494 414
1055 688 133
371 1082 56
301 692 715
516 439 206
228 1078 98
699 786 497
202 468 554
929 784 1050
74 157 178
605 867 348
403 803 36
1017 305 746
671 900 1004
377 1039 97
831 1078 52
431 1081 95
1092 159 180
317 160 441
411 491 383
274 211 828
751 41 127
1004 620 919
710 904 1046
263 902 1006
697 943 850
20 586 919
556 38 687
13 527 762
499 291 552
154 39 688
293 603 1027
148 494 1022
591 37 686
954 868 369
973 529 1176
359 188 553
435 94 762
244 844 349
159 587 918
738 1164 1081
55 1138 106
1112 527 1174
412 1010 793
714 1140 192
579 621 954
528 621 920
676 1119 961
685 979 154
320 859 498
501 408 895
1098 439 762
149 1174 504
137 846 347
397 159 420
354 948 855
586 913 88
889 718 1009
395 1132 892
1005 400 50
847 191 178
18 1130 846
414 228 693
392 221 224
1020 50 240
405 674 1053
644 32 941
352 736 711
1090 910 91
295 1041 385
930 583 766
227 159 442
157 87 123
804 443 864
142 734 1124
369 49 239
489 352 364
1068 137 420
134 801 34
641 136 421
61 442 895
498 782 1094
970 426 297
199 525 383
1067 382 257
93 381 298
408 866 371
1011 1084 848
886 66 537
815 222 203
883 1091 961
790 1173 503
793 524 382
216 481 51
261 845 370
795 245 224
1076 0 975
1119 945 852
1042 88 124
41 425 431
679 245 204
761 441 896
436 823 12
401 160 421
464 720 1053
1023 222 225
242 223 226
193 443 894
760 945 792
829 137 442
338 408 863
932 567 1176
855 244 225
83 101 913
689 159 144
1095 825 1053
92 785 1182
174 677 1008
24 618 622
629 860 497
145 720 1011
567 158 419
630 143 955
606 1174 458
609 943 794
511 144 18
976 842 1181
88 1122 615
992 298 740
353 493 1090
487 161 1095
259 603 1087
161 844 561
25 340 1055
716 1093 616
214 596 1058
1121 596 241
184 597 1039
1018 733 1125
786 526 214
959 1130 893
1082 791 355
305 1084 891
118 670 43
329 1095 646
1041 862 563
126 845 562
612 435 1090
373 68 73
167 1093 644
770 97 764
50 973 159
260 596 1038
1093 340 321
937 495 1088
257 760 356
488 69 74
666 859 497
792 1092 617
642 482 49
1117 346 876
232 862 543
5 62 633
481 302 279
136 152 763
981 526 118
705 598 1056
597 1084 849
1115 154 761
902 152 703
521 973 89
887 1121 614
617 972 160
273 579 1039
783 344 317
146 109 34
827 63 1196
336 27 816
1111 578 1056
1039 297 929
206 864 545
256 788 326
1122 1133 890
114 67 36
241 291 551
713 371 622
33 79 820
1118 597 1057
430 845 544
590 880 921
491 107 76
472 881 922
1062 1124 643
1001 95 762
842 295 875
625 1137 188
438 409 580
943 624 243
906 580 1038
1026 1123 644
766 497 1026
749 846 563
1101 762 326
769 784 428
661 790 328
448 863 562
565 70 75
325 75 870
300 594 271
814 358 118
441 1095 614
934 343 1058
763 856 422
524 578 1040
168 77 818
999 277 1112
595 673 46
208 111 72
862 343 1112
1015 880 891
479 931 661
192 49 316
321 828 178
723 994 662
850 789 423
577 1000 211
1012 799 591
99 179 263
864 483 927
704 129 325
695 784 228
668 1161 1077
284 622 625
652 949 262
1040 267 1005
285 230 13
38 501 927
739 715 456
673 1035 827
613 481 947
931 713 454
1008 801 589
512 1003 1182
993 179 283
994 151 566
983 855 501
484 687 456
562 713 484
622 303 278
1000 159 283
153 160 262
131 700 537
964 1014 1068
807 180 264
509 1015 1069
470 1169 392
434 1016 1070
1086 763 589
1105 265 1007
116 947 260
347 716 457
1085 1033 1069
552 593 270
909 1015 1051
692 1167 344
457 826 176
266 1168 1084
555 834 862
594 689 454
574 348 924
390 178 284
374 238 1006
798 515 304
1049 178 262
223 151 586
587 503 947
346 1041 1140
525 1177 456
551 583 829
37 966 25
298 1177 506
231 340 277
866 1175 458
1044 833 807
65 773 803
189 518 251
894 130 290
21 1173 460
1028 782 178
461 90 288
1025 302 319
446 158 264
144 134 585
226 1174 503
175 91 327
225 411 582
355 152 585
36 152 567
129 923 26
971 153 568
838 134 567
107 180 282
621 279 1164
255 238 980
3 135 566
958 153 584
229 716 481
312 159 263
608 266 980
98 231 1162
1088 686 481
726 909 920
480 54 245
252 482 928
482 502 928
614 762 556
139 126 286
358 482 948
1099 582 828
406 798 592
843 293 925
627 595 242
534 625 270
990 301 280
1077 800 590
830 780 180
809 373 624
659 650 766
212 133 568
422 469 304
626 1034 1068
31 766 592
874 135 586
89 934 606
218 1099 1086
939 1040 1183
495 1135 1088
1013 585 378
734 182 1029
73 152 1029
1083 557 404
720 264 978
323 585 402
500 91 128
287 527 119
631 1098 1087
230 154 1027
53 772 866
201 555 378
