1014
801 107 160
793 386 79
628 113 294
456 270 162
443 339 269
519 20 246
211 75 371
355 239 68
48 224 67
309 104 6
474 23 39
695 348 345
603 13 214
325 228 209
82 8 38
244 197 257
93 84 32
696 399 36
129 234 21
194 360 314
928 1 22
195 110 164
345 174 164
299 290 31
6 154 247
1004 81 271
758 137 278
139 320 83
19 318 185
754 103 354
735 331 382
413 172 14
60 377 165
876 366 370
712 219 383
872 193 272
658 72 47
777 38 89
136 276 109
949 259 226
283 57 135
41 72 312
331 357 289
304 378 29
678 349 362
829 66 371
143 300 173
441 41 337
23 292 281
535 178 390
412 167 13
138 381 166
813 372 269
383 293 9
357 165 217
890 263 386
50 167 79
470 316 284
268 192 128
810 341 150
973 121 208
689 320 80
431 314 20
368 33 201
704 190 277
941 160 378
505 265 75
354 88 1
978 78 70
789 350 393
77 9 329
765 115 179
58 109 164
969 376 387
408 168 293
596 275 52
909 165 43
853 317 203
933 121 398
365 272 388
451 221 18
191 83 45
688 231 361
791 115 338
471 344 125
487 110 229
4 216 84
290 282 21
422 198 332
848 220 266
125 136 385
572 397 68
1006 120 343
864 248 326
666 65 360
561 329 125
447 392 189
342 192 112
726 92 25
350 47 3
433 351 268
310 376 179
616 0 77
573 232 117
592 83 246
380 356 282
674 318 75
792 46 358
47 229 171
271 307 153
400 198 383
241 23 180
629 40 335
439 142 227
391 17 352
869 37 289
220 304 35
630 324 379
326 17 171
192 207 46
752 375 33
302 355 32
954 6 102
694 344 127
159 242 77
867 210 26
955 366 353
528 181 213
189 187 136
164 167 398
896 154 377
539 23 49
429 186 355
514 245 263
86 274 220
295 308 273
716 241 57
13 24 380
593 120 108
501 192 187
381 346 366
799 215 256
669 198 47
90 382 175
475 118 98
69 25 356
868 336 303
379 259 293
432 397 271
320 351 301
926 158 89
680 355 348
632 56 15
834 39 1
486 16 131
284 251 370
339 112 102
71 13 72
79 228 364
917 187 332
807 382 32
846 146 253
445 171 36
529 220 131
12 118 340
26 395 127
40 14 314
362 40 318
344 264 85
130 345 357
818 232 144
668 99 362
667 308 353
717 164 136
513 383 335
975 275 364
708 43 236
131 295 228
24 292 84
382 332 73
182 23 27
52 298 274
64 375 389
947 94 86
335 308 323
168 206 76
843 375 290
204 205 47
548 281 186
556 288 362
607 60 203
652 326 386
94 279 280
871 340 379
208 221 47
859 397 138
698 283 304
229 162 170
873 303 240
578 51 350
907 276 40
774 280 149
649 16 276
929 172 201
741 383 291
983 379 387
46 135 261
266 388 234
181 97 30
230 106 36
480 131 336
772 258 10
559 312 21
536 155 154
322 345 341
661 111 197
957 214 328
1002 320 72
488 249 259
497 394 333
692 284 54
923 343 351
924 247 220
714 328 61
602 309 44
469 310 211
18 129 197
557 42 314
428 141 74
305 322 388
707 37 345
491 283 256
809 32 264
410 331 100
805 180 371
449 346 221
257 132 108
581 374 112
738 17 252
699 175 257
190 382 19
739 21 263
2 113 15
455 19 363
584 268 164
546 30 31
764 258 319
886 366 112
8 283 347
910 395 270
463 200 357
898 232 199
11 130 229
1010 375 249
583 343 76
744 49 1
446 372 382
888 25 204
296 20 168
38 229 99
223 166 202
806 90 254
360 27 52
406 54 210
83 260 298
301 143 389
838 323 275
877 234 389
329 258 365
81 255 227
358 20 27
811 271 194
986 230 63
158 23 156
171 286 185
453 0 344
857 126 180
625 32 238
209 286 390
370 5 272
914 122 341
317 377 346
710 204 69
748 319 171
328 202 395
278 384 214
397 82 22
671 200 78
563 53 154
462 371 81
897 349 68
146 92 52
121 142 23
534 95 164
399 217 43
967 140 63
882 170 90
91 312 247
974 85 128
921 27 188
387 38 46
66 206 132
976 228 212
769 180 324
817 57 220
800 55 206
148 155 231
802 34 266
552 156 341
842 125 165
524 77 311
512 308 378
127 397 375
784 158 328
981 24 86
54 33 157
273 249 285
7 179 372
757 95 153
936 116 223
697 45 173
847 259 122
92 264 350
245 280 266
141 297 332
821 58 217
308 243 277
318 267 181
530 14 42
402 187 370
785 82 30
101 247 85
95 351 365
722 356 158
911 278 3
53 15 121
831 222 219
701 11 274
120 248 300
731 257 245
564 161 390
851 379 68
972 3 29
375 204 101
679 183 85
349 97 340
874 372 224
750 154 208
647 288 358
858 236 181
425 273 178
285 103 177
711 172 293
903 49 70
252 349 214
411 178 290
644 275 160
582 58 343
75 143 312
415 307 327
255 174 54
1008 225 187
70 37 183
608 175 255
1005 89 101
258 266 239
753 8 198
132 184 127
237 113 163
458 111 191
303 355 70
540 361 39
825 331 381
854 220 373
944 254 25
376 392 333
478 316 196
622 179 316
721 226 379
351 195 231
343 42 396
822 361 345
307 228 80
542 120 87
790 82 218
126 135 292
579 13 73
621 398 209
918 328 353
63 352 194
527 294 163
356 235 185
966 150 185
998 90 90
207 152 392
293 87 17
588 254 143
249 316 389
175 93 89
676 326 259
173 187 122
849 320 8
751 229 244
916 277 104
508 320 96
298 46 305
336 103 298
468 105 100
369 117 189
835 94 151
724 6 275
363 304 288
390 14 168
483 2 85
374 317 303
878 168 337
720 13 2
461 228 246
165 148 224
650 386 45
300 334 128
103 353 364
106 148 168
347 152 383
706 131 63
520 303 89
359 74 180
946 21 19
544 383 72
442 172 264
291 337 136
150 314 279
795 112 12
464 206 156
17 49 202
1013 0 171
218 325 4
657 4 213
747 1 41
319 312 275
161 256 10
21 365 102
895 256 174
771 37 66
479 366 197
715 392 94
925 181 319
373 332 340
550 310 112
953 71 250
740 275 280
28 91 29
541 393 82
935 350 284
198 389 80
515 147 362
840 150 384
994 249 254
25 99 52
963 175 21
334 26 314
905 206 200
938 309 303
421 264 296
5 351 382
155 354 72
623 335 20
845 353 84
424 169 149
465 353 91
324 155 390
435 91 50
824 30 213
570 349 336
690 119 269
893 173 332
939 148 136
197 382 315
725 121 213
990 38 332
215 33 252
682 202 213
332 114 288
855 376 69
44 237 165
700 334 13
196 131 309
264 202 399
430 342 28
183 109 276
775 40 75
274 36 383
850 367 396
619 66 264
492 150 363
733 225 241
254 108 157
409 224 223
1011 120 82
214 192 274
549 211 308
3 329 84
122 320 121
932 313 41
631 386 209
597 69 146
472 44 286
145 56 311
1009 124 96
996 156 163
883 232 241
248 148 17
589 235 391
33 174 395
836 50 228
482 25 265
427 336 55
670 171 238
262 184 154
585 165 79
414 184 341
532 321 198
156 5 15
642 248 121
467 346 12
985 240 285
875 292 299
200 216 339
899 276 345
420 395 393
545 65 221
137 235 229
574 170 319
518 255 109
59 148 120
102 297 257
734 231 54
96 86 235
419 259 376
687 88 322
987 249 91
879 205 56
681 299 341
166 3 345
134 25 309
922 384 355
270 32 63
755 140 5
68 209 233
416 203 108
595 201 226
1007 69 29
576 257 158
533 237 8
627 143 46
523 257 125
727 138 125
852 211 110
281 142 390
591 116 389
444 112 20
537 392 42
553 359 15
942 151 355
22 375 18
705 162 323
162 110 363
30 379 206
394 87 122
246 273 54
803 78 202
109 354 205
118 30 274
598 339 144
902 87 208
149 187 25
880 163 131
315 134 80
116 5 105
34 219 17
767 253 193
476 133 198
234 367 24
16 396 104
348 307 340
565 324 239
773 231 18
558 137 223
940 268 68
154 129 335
250 266 17
919 335 97
506 159 88
862 351 172
516 291 1
931 13 279
157 166 69
1012 318 277
703 241 316
232 328 269
313 96 236
968 331 148
151 337 119
912 88 125
691 80 108
730 362 8
185 208 191
920 319 384
798 214 372
338 11 386
551 207 172
580 366 351
438 385 349
531 264 152
395 384 345
828 196 153
502 214 241
163 331 222
457 66 255
436 2 353
759 126 201
115 359 211
999 228 23
904 17 184
108 230 117
485 138 314
117 122 293
228 13 59
648 125 237
39 245 20
178 74 311
316 227 55
396 60 62
213 174 363
489 75 319
656 252 297
9 213 292
948 271 139
891 370 4
51 11 381
1003 357 303
404 48 209
29 233 214
600 240 282
844 274 170
128 140 228
970 83 259
685 212 397
768 279 277
820 70 30
226 383 325
677 272 373
1000 165 253
640 294 133
259 59 280
562 362 228
815 23 385
952 47 335
172 104 136
778 315 83
78 134 35
737 356 334
289 137 318
384 13 43
937 341 299
992 93 79
261 218 194
781 347 338
839 291 176
885 162 183
870 154 235
216 357 394
481 227 91
770 61 213
814 151 20
418 121 376
174 236 324
473 18 389
991 380 216
620 133 383
729 99 171
510 127 105
110 385 139
865 27 98
606 365 346
205 236 121
247 317 384
571 80 112
321 95 157
945 157 80
160 71 380
385 375 42
826 47 50
613 124 155
927 385 11
684 159 294
74 63 245
611 20 195
45 97 259
80 64 344
686 3 130
388 352 354
251 46 143
962 121 204
169 20 39
392 234 269
87 332 65
594 108 175
641 67 141
386 255 131
908 305 177
894 282 380
749 270 92
113 45 270
554 202 272
99 362 322
72 230 58
36 233 113
982 260 57
762 77 162
995 54 118
989 147 110
683 29 108
170 286 66
279 262 341
280 351 167
609 205 77
517 353 342
459 47 392
522 88 388
184 346 75
709 366 211
760 197 9
856 129 276
0 69 112
663 397 155
366 285 233
124 357 23
265 82 244
352 70 33
67 367 144
224 343 389
231 131 220
610 371 150
297 224 153
340 147 285
702 48 217
495 251 232
718 45 81
881 36 334
206 224 218
951 322 307
466 328 332
626 347 205
210 245 95
494 181 116
454 117 62
236 9 33
743 212 42
221 99 274
913 361 314
256 79 247
107 148 144
634 290 341
615 6 59
509 272 245
713 263 361
225 5 293
569 384 23
605 157 201
538 257 269
477 89 294
645 198 174
958 320 75
73 187 181
841 144 372
240 24 246
732 104 246
286 322 207
10 322 235
525 72 25
1001 330 107
55 89 51
364 370 148
144 304 378
590 382 336
673 236 387
984 69 231
587 56 369
672 179 285
98 342 57
104 208 170
153 178 102
105 140 367
62 97 121
267 108 190
819 285 90
378 114 167
934 68 42
212 273 126
235 389 189
49 60 120
889 191 230
217 253 4
901 265 160
393 25 271
1 69 80
88 241 361
37 91 387
372 371 338
728 28 207
437 312 166
277 88 18
193 202 271
965 72 322
490 387 77
979 332 30
971 87 320
639 165 267
243 397 72
341 192 178
20 274 91
180 303 86
961 328 75
403 317 38
577 359 198
560 265 49
114 77 47
823 273 127
100 119 67
787 28 63
756 107 123
693 320 146
97 63 16
333 51 193
423 272 259
371 325 303
887 223 344
547 38 306
780 93 126
179 108 76
654 169 315
643 380 161
199 137 145
604 244 27
659 399 22
746 71 310
498 281 274
915 374 345
719 97 177
203 39 151
448 236 395
832 370 101
675 332 347
112 46 144
993 72 288
504 236 209
637 379 218
337 347 194
89 363 335
892 252 228
575 179 333
997 5 228
119 64 103
964 305 344
405 219 253
76 268 179
660 84 218
167 80 318
346 240 126
830 232 290
272 164 21
782 172 285
665 134 295
988 225 258
239 153 151
152 299 272
507 374 73
812 55 363
796 294 162
123 47 312
493 258 127
426 346 31
779 274 344
32 276 388
827 92 237
651 32 55
188 344 265
555 65 316
816 109 195
499 288 168
884 186 231
543 226 361
222 112 67
260 80 396
662 329 117
276 115 118
263 227 4
452 267 251
511 7 234
330 187 315
417 347 290
863 264 208
85 146 92
950 98 55
736 87 32
42 357 236
960 237 242
638 358 215
766 334 178
434 301 89
407 314 139
147 125 174
61 168 23
599 203 232
111 366 1
980 32 269
253 334 127
401 44 216
201 194 388
633 287 273
612 251 262
282 6 169
135 248 270
788 173 369
956 222 141
783 324 37
566 311 73
786 156 306
176 399 81
311 142 270
288 221 292
745 362 390
521 169 310
808 137 214
327 30 185
794 20 322
238 284 95
287 274 145
242 137 3
65 219 390
943 106 337
617 312 117
567 130 225
314 364 176
377 288 363
601 360 133
655 226 38
833 133 235
219 200 69
186 15 17
635 327 97
804 106 259
312 271 224
500 49 19
306 127 50
776 101 290
15 107 136
294 21 66
653 249 373
292 48 204
460 310 33
646 260 8
526 137 345
177 236 92
233 253 351
353 256 119
31 361 173
503 108 391
484 332 259
761 164 226
140 176 309
269 198 141
837 221 346
496 121 349
27 6 300
861 313 2
398 201 322
723 302 59
389 214 152
227 50 331
742 173 233
906 245 205
56 112 319
84 20 147
586 383 377
930 252 355
797 345 114
624 251 41
440 307 52
142 147 166
866 23 170
664 285 118
14 211 364
450 165 14
133 395 38
900 175 341
361 272 147
568 61 335
187 34 61
860 219 131
275 138 51
636 104 124
959 118 362
43 340 185
57 394 309
367 96 70
202 12 107
323 18 127
614 1 339
618 88 47
977 268 61
763 337 9
35 282 272
